566
-13
-576
957
695
-578
696
-944
797
637
382
968
-479
157
756
10
-422
-368
-41
-881
-292
263
-539
-438
-780
384
292
-22
825
-458
489
-412
-706
389
589
-839
653
924
-466
-157
107
996
754
895
-829
517
768
-306
-155
-963
-272
428
583
507
-934
238
48
-927
-618
-761
-239
960
851
-322
753
-545
116
-358
-310
104
-915
418
-729
276
941
-348
889
761
-118
995
-757
-13
626
620
162
-72
-271
-576
-213
608
-676
-886
-187
711
-294
718
691
736
621
923
997
893
782
-850
-431
-101
92
328
-958
788
-485
-130
470
-450
-301
336
494
89
-12
314
-768
563
524
873
122
321
-57
-471
229
-267
365
481
-353
140
-925
-137
-917
679
311
996
-787
191
819
347
26
-758
-457
-196
-126
600
-21
660
73
375
-298
-211
-989
841
-252
-911
-638
728
740
14
383
-429
-807
-989
-235
662
34
789
-16
377
-292
-877
-996
393
112
493
-675
-702
-665
-695
-888
266
-256
-936
-181
674
-180
-209
-361
-317
-91
-954
-63
450
378
-208
969
-359
-500
-993
-712
-218
891
-942
-249
-691
-319
-322
-850
-553
-797
-993
-468
-534
321
-549
733
-141
252
-679
-727
-384
-232
-446
170
-500
285
218
-832
266
-88
-157
-887
-379
384
762
-323
580
-695
228
-221
19
33
-991
940
-945
439
-130
36
521
-706
-683
-932
-169
-966
810
-445
948
567
-622
99
426
944
473
-34
870
489
399
-620
-935
192
395
-772
-982
-820
-291
-510
-844
-190
857
-952
738
21
324
444
-432
103
-749
-346
880
86
-102
-524
933
905
513
-533
-62
692
-758
-533
866
414
329
-744
889
585
826
-775
-88
75
-117
-929
129
238
489
288
392
439
350
-613
-305
9
-919
593
734
-506
-807
893
128
-335
542
-887
505
165
-494
505
968
-790
-791
770
286
-121
-176
-404
-678
124
327
757
637
796
-824
-134
774
-378
800
-673
-655
-452
200
-825
-775
-969
-16
-674
-481
424
157
-748
-602
930
-383
742
-826
176
-532
617
536
-165
42
-68
622
-746
98
692
636
-994
823
-299
901
233
-45
130
931
-149
533
744
122
652
550
547
419
-523
-955
-932
-955
284
306
-227
49
417
-677
-725
685
-694
32
-497
743
-316
-232
-966
-799
589
16
-872
652
-634
816
584
104
-48
188
-155
443
331
155
-779
959
-119
-155
-60
-825
893
-154
214
-387
491
994
375
-670
-866
693
380
-301
445
-13
-214
-60
-205
-240
-785
953
-833
-914
635
506
-551
917
-927
-102
-363
-385
972
-856
133
-182
422
131
952
-595
-984
22
-2
-996
666
-42
578
77
797
-919
117
-396
-838
-247
-575
-90
677
5
-614
580
-226
287
777
275
-213
227
54
11
-686
-124
-510
298
440
-295
-50
824
334
392
129
104
781
-887
834
567
-265
-899
229
185
-877
-615
566
-472
-967
43
-33
-729
-100
-849
-95
979
640
-936
-542
-776
-64
521
-339
-845
785
280
-294
-956
361
30
964
4
-919
-201
322
758
857
464
-220
878
-912
691
421
-919
-243
-712
-88
158
-458
623
687
-112
-590
113
-266
-755
771
-396
300
-212
783
559
-922
178
797
10
351
588
447
100
927
-913
-609
376
271
-374
-992
-433
629
-218
-816
-848
258
596
483
-711
868
204
496
-609
555
487
-678
31
-382
-432
174
848
-80
362
661
-522
-56
281
53
19
-327
-867
469
439
-538
593
-691
953
654
88
-278
533
546
364
948
588
-42
-270
-238
-954
-909
354
-584
-858
-548
-702
978
-550
-975
40
-513
-761
458
-661
468
301
965
-164
46
583
197
212
522
688
251
58
-968
247
-64
-354
731
-328
590
74
-961
497
-202
-523
333
480
-474
-500
-344
502
2
742
-660
-151
-886
442
88
660
-358
-443
-417
477
20
-367
-359
-579
761
-767
-364
301
-670
65
-710
-489
411
539
693
-323
-287
264
969
-785
622
-227
533
-707
390
106
-588
-132
576
-53
991
-432
710
-486
216
576
-174
600
-902
-146
197
-72
-233
-887
-710
76
-162
-197
102
885
400
77
705
-228
758
-604
-214
255
-192
966
-521
256
915
321
-364
702
269
-925
299
624
-385
-138
-279
583
-371
-289
435
466
272
376
446
152
54
-348
-834
-928
-25
326
-460
-182
-707
-747
810
675
746
316
111
135
-739
-543
921
83
449
965
-334
658
546
-443
296
74
-760
-306
168
952
-950
692
75
-539
360
-51
916
-578
498
851
-542
519
268
-844
722
203
-240
673
352
220
-637
-584
724
577
530
-697
282
718
651
964
956
-805
-483
255
-748
217
-529
-406
138
838
-237
-612
459
-407
-311
731
-740
30
654
62
745
-837
253
-187
786
-367
-635
-438
368
271
56
355
157
869
-871
348
-357
-485
-846
685
483
513
426
-687
16
823
-434
962
-503
-688
319
126
859
-663
-48
294
-331
-384
-368
-293
-418
73
-749
-260
-965
-131
771
100
-255
515
-218
828
-879
82
783
476
912
65
-225
677
-461
457
-636
625
-391
313
-546
799
624
418
-948
-130
304
-727
-563
-904
853
81
320
591
-830
360
-270
101
361
636
-968
72
500
-439
-595
-728
-178
218
489
-347
-992
-694
550
424
768
-719
-858
-643
101
-900
-8
-589
-893
-699
-427
-655
384
551
-886
663
804
-149
-196
-816
-487
-789
465
742
806
-441
-982
757
692
158
799
660
-133
-904
623
-90
-218
923
-595
-236
632
265
-827
566
-297
983
-445
-275
-990
277