-34
-495
-534
807
156
466
150
234
134
703
-720
606
161
-554
771
-748
96
-575
-742
-569
542
449
242
937
-747
-489
646
217
988
-310
-749
-976
-13
-191
753
711
-26
-858
621
344
-440
695
156
-331
487
182
872
917
238
819
385
-711
-984
-857
-982
842
516
217
654
-832
121
-931
933
651
-194
-140
521
-22
476
185
-885
-665
127
-372
626
945
189
787
-46
-916
-198
-565
-741
-590
698
-270
237
-257
563
-20
-896
-341
171
-247
-65
868
80
-486
-698
-645
400
345
-448
237
-464
351
-300
-999
-680
-754
482
444
-492
902
-746
513
559
-993
856
600
583
686
-707
-824
-554
594
-322
114
-31
-472
488
633
-889
-500
-538
-721
-544
982
207
-647
-681
-883
530
820
-678
-711
510
668
-747
875
-734
-893
-271
-995
741
-725
264
15
-407
-283
-445
-30
181
-143
-110
58
990
850
838
448
644
-2
537
590
-387
-947
371
-991
45
-288
-156
-373
-555
-228
171
204
-591
603
643
-862
44
-79
-775
213
-593
-708
552
106
-404
613
-317
149
681
93
-947
159
120
-747
754
780
295
237
-132
-363
364
251
984
-375
520
329
-428
-429
866
173
352
-834
734
-991
-789
427
-1000
733
208
-873
847
894
-180
-95
813
551
-837
-669
-378
-6
893
133
752
-750
-782
-534
-697
-755
661
355
-283
226
588
-23
5
806
-652
173
969
-252
11
-514
140
-729
-759
-911
343
196
15
968
-527
29
-717
-672
-291
-686
-240
-28
591
565
-811
-204
-211
-118
77
-310
-525
831
-610
944
-158
-933
703
-151
-982
-97
-673
-655
276
494
477
-344
266
620
-207
299
840
668
-288
-11
734
382
672
-840
-446
-405
-350
-690
213
1000
146
-174
389
-609
892
-27
781
-525
407
821
-609
270
-790
337
566
818
-159
560
26
810
926
-148
-736
26
229
141
-570
65
-674
-214
600
436
320
-282
-247
999
784
99
568
400
185
336
119
550
279
-843
665
621
-54
357
430
-288
597
335
-583
-118
346
620
418
640
-158
186
-886
434
-733
318
194
443
-578
-211
354
636
446
-844
981
-705
47
-104
754
257
38
-904
668
-438
490
511
902
464
-780
315
44
520
196
10
338
576
417
55
-66
-136
-834
-181
354
-151
-969
597
-938
-333
-818
210
-229
350
976
505
355
-850
583
439
-116
-268
404
670
-503
213
-105
-815
-718
-781
-185
347
399
-5
280
922
648
544
475
-601
-682
395
-884
-227
148
-473
979
181
-189
848
-849
458
80
482
-381
632
892
376
580
-597
-374
-891
-76
-451
205
495
-972
326
-499
-247
-866
284
949
1
-992
100
357
-229
-853
550
580
-69
-692
-563
-925
306
1
-683
807
-499
-192
-109
-233
-793
-59
546
-915
461
-707
-923
253
-297
35
-144
-387
522
-722
-339
-126
3
-494
454
-354
124
190
-611
-50
434
883
712
639
-896
169
861
-96
806
243
-203
-758
172
381
102
-228
-939
678
920
-416
541
787
491
-152
-103
-37
-27
-572
120
-417
909
-555
418
-314
-449
-606
-992
570
67
-555
97
-543
-961
855
-229
-511
898
-898
-660
799
516
505
869
337
-430
185
107
-86
557
795
10
-905
-372
358
676
584
351
172
-909
-759
-942
-484
-26
-569
44
214
-827
592
850
98
-145
-467
36
-321
-620
-879
303
438
-996
253
75
749
-693
527
-530
428
-939
-475
997
306
-853
-653
-540
1
-863
-938
219
-122
799
-528
-790
103
400
406
-474
193
-473
906
800
745
-168
143
-673
668
-844
790
-676
667
-34
-443
-623
-632
-293
-744
216
710
2
-729
520
498
-867
-838
-586
-715
275
830
-283
485
707
964
731
345
864
-399
-599
736
993
134
762
84
161
239
-403
727
583
279
923
320
533
-904
655
196
750
177
808
-666
941
883
34
-446
684
-397
-155
696
397
62
143
380
746
348
-594
590
-692
-808
849
-24
-348
40
322
913
-962
-436
155
-786
877
795
-878
187
-151
-195
741
779
147
-551
409
-482
417
645
-272
487
312
546
111
-477
965
880
-797
876
-37
254
367
376
718
809
-85
-777
463
691
-54
-92
51
-388
-197
543
-163
-304
-218
-84
0
-579
90
-907
-689
-705
77
352
652
925
-500
-542
224
793
211
268
311
-661
513
728
499
-844
-28
664
763
-83
-400
940
-286
575
-593
783
-481
-947
640
561
-639
-997
827
634
-599
-371
603
-912
423
881
400
552
169
983
429
26
-963
491
-789
704
-36
-759
-705
422
-531
-917
-96
-117
-430
167
75
83
-501
603
414
41
-414
639
-121
-958
718
-510
-587
-585
-590
-43
-219
-119
-972
-690
11
-380
-813
-961
-221
-424
-212
78
-613
-103
-158
-38
636
984
-138
800
419
723
-812
856
-788
-112
-569
95
667
-320
955
-283
-974
-517
403
-387
958
530
-550
-923
563
-494
-181
-758
-224
1000
-505
-646
779
-701
74
-194
-855
-928
-647
-62
806
-673
-683
38
-219
-584
-611
460
83
-765
571
733
737
-446
702
295
-31
419
-14
-66
966
398
-137
-533
-102
404
406
-759
-899
-704
713
-733
-194
118
301
343
44
-230
-964
465
-517
218
995
-572
186
677
-737
860
135
-192
-517
-460
-974
-723
110
-661
-485
736
940
-246
614
766
890
-835
-788
-705
-29
-921
200
-140
585
115
87
-164
-469
541
776
937
372
-597
841
474
281
228
756
-442
-784
724
-634
-806
-666
-750
-904
-813
-868
473
32
821
-150
413
-207
431
953
-401
-513
935
101
315
-17
380
-918
-297
-699
542
386
7
346
-365
-858
-990
-31
-11
781
803
163
-8
556
-108
67
-517
763
413
-987
-192
-637
582
18
351
-574
-23
631
-59
-696
941
-597
-532
240
994
-719
-863
-113
47
135
-99
339
694
-741
-578
799
218
854
753
-959
-664
652
-107
817
214
-949
-429
-643
-74
751
915
-152
-312
-225
-91
-553
-753
-44
427
326
-173
857
-576
-982
-662
-155
-178
-237
288
862
-353
364
330
627
730
478
60
-399
-299
-858
-382
24
-891
486
-985
-762
699
945
195
974
-368
34
-2
-11
49
-130
-633
-152
881
-196
-387
-63
-2
-749
562
790
-60
114
-582
219
322
295
265
-492
-185
-545
-509
-217
-677
-625
459
-565
-228
439
571
-628
79
-363
66
938
301
-272
336
-923
161
748
430
79
691
67
82
24
187
266
759
-560
-937
104
657
-652
-913
-68
795
-457
45
538
308
154
-296
-674
-47
-931
927
-835
277
956
-784
136
-573
6
51
280
579
443
-161
930
-235
-458
115
-413
50
-61
349
895
-301
-105
470
-839
55
510
-6
-536
805
798
320
-212
-665
117
339
-665
868
998
-840
627
400
207
-308
288
593
837
-829
-513
-736
771
-2
644
803
945
-506
661
-175
785
-844
29
457
85
330
205
-491
476
-726
354
435
977
803
-950
29
514
-807
701
-694
-255
736
406
-269
976
466
-874
-364
632
632
130
101
553
-816
-495
-706
-850
41
112
1000
939
693
-486
376
390
-673
-3
-456
-899
159
-206
-513
732
-342
99
-101
-956
154
-11
831
-894
676
-787
108
-781
-130
-73
409
-87
-524
206
820
143
110
383
942
-702
-877
562
-917
313
851
-293
-492
-648
625
-542
354
653
-501
126
875
949
-452
990
555
-603
-79
348
-996
962
474
-549
-39
-856
-819
368
660
-494
757
524
-779
294
312
745
51
805
-761
-428
-373
572
-396
43
235
-108
93
-226
321
-662
-357
-34
944
-235
-686
-774
224
593
-525
507
614
-265
670
276
35
372
209
-482
89
124
377
-994
-770
551
-233
520
-892
172
481
-606
-906
-713
285
60
952
-409
-314
686
-662
-807
660
-671
-674
439
-860
-152
617
160
-602
-19
468
-481
21
368
780
520
956
928
2
-592
847
315
-739
843
-263
-223
-769
-79
75
-465
770
224
199
-531
77
-561
-26
-615
-267
760
480
44
842
121
-795
186
-925
239
851
-730
-667
-154
-49
377
-817
212
-152
807
-131
428
-531
-700
88
923
852
627
471
294
-479
865
178
277
-86
928
-49
-280
172
-500
692
540
-603
847
-723
483
457
-67
-369
858
689
138
51
40
-287
491
-673
788
-911
361
149
-995
-75
-377
-262
-428
128
-800
-105
801
91
-598
957
220
-786
-584
-266
288
-309
810
391
-809
-791
-543
666
-489
862
863
-991
-236
-210
534
901
-662
331
-935
-404
-898
-397
948
981
168
953
-888
-564
-498
-864
37
551
618
452
-864
94
-963
-783
983
764
113
-974
-71
627
293
845
-940
-635
-812
478
-988
655
704
-623
245
865
-969
-487
-820
-229
489
781
-814
612
-9
554
-65
-931
-394
-16
90
-279
-344
855
828
267
-311
-435
-164
-956
465
-250
-849
-392
-493
369
355
-855
721
593
472
-454
375
181
881
849
-401
-116
-52
160
735
603
-938
-203
-264
-472
-23
681
784
636
662
695
253
-900
-118
634
-71
-214
848
-887
852
334
-162
562
-603
-611
813
318
-948
425
949
526
-855
-239
-281
643
-985
904
883
924
884
182
375
-284
-161
-48
-119
127
-696
-791
-134
-117
-319
790
-236
914
162
206
464
969
821
-60
-337
-774
593
-102
1000
-409
785
-303
598
-214
-744
-532
363
-801
-292
-254
-611
244
955
632
796
979
-828
660
834
-449
-809
920
-660
904
94
-818
954
-175
-529
495
-81
342
408
-643
-735
854
294
740
-743
-161
547
-251
-941
768
176
-784
110
9
356
410
-78
681
92
-246
324
973
498
596
485
778
139
-679
498
-232
810
263
727
-884
-153
-63
-413
-644
-182
307
619
546
-808
341
-744
124
657
-258
-401
-761
-343
62
338
900
-34
-784
-288
387
677
749
-843
-304
-753
-446
829
-803
-487
-213
-238
-301
-878
325
316
27
-502
-418
-656
720
-644
-273
-885
846
-583
-564
-72
-427
-936
752
690
171
442
-816
-228
630
247
-172
-304
421
-419
949
637
-169
57
-584
-78
-785
-10
-385
558
707
708
-674
-927
765
-565
-867
243
-640
947
925
-332
-555
378
608
-899
-446
-616
580
-2
697
469
-227
-189
879
745
450
-352
-185
-201
-557
214
-33
-529
888
717
-48
-257
-326
-320
959
-840
773
-702
77
-167
514
380
-669
773
981
124
255
-16
233
-634
25
-686
-104
568
402
968
39
431
49
416
430
-960
-196
335
971
-804
680
409
-143
344
242
-180
-540
-51
782
-650
263
-268
46
-308
355
-467
360
607
-482
142
-70
374
-611
18
677
345
362
-272
-149
316
140
517
-178
246
-93
836
960
-660
-502
-419
254
-517
407
-661
-140
863
243
515
400
414
-75
-405
579
50
27
928
291
424
69
-340
-780
158
-662
-701
-779
239
913
920
-553
258
353
-821
-728
490
-153
-739
446
632
-426
974
-623
404
422
-479
-563
799
619
-509
436
363
602
881
-33
-79
-61
605
-315
-323
106
-970
424
-890
729
862
-746
-97
-574
-975
188
358
-433
280
250
166
-66
-85
-893
-58
909
-590
416
-915
-212
-465
132
-66
-136
252
28
-119
587
943
-151
-179
-438
-648
954
231
-642
940
844
359
-439
-215
173
-45
-365
929
775
-101
715
445
647
-168
352
195
973
159
858
157
-740
956
137
-979
299
-37
-645
288
252
15
-341
-794
938
-573
-272
-858
303
-46
44
393
-883
44
352
755
916
974
-103
-958
-175
-249
558
814
-608
-544
-756
-120
526
-235
714
425
-37
-156
-364
926
735
-687
-507
-207
-138
473
114
-471
727
-157
446
-76
429
-555
778
-867
826
341
272
-36
116
811
410
120
505
43
647
478
24
-11
738
141
574
169
-652
-388
-157
-232
-403
792
-782
-806
427
500
392
-866
-208
-567
-992
293
-102
701
623
-760
628
-351
-803
193
-358
868
-12
-618
710
524
216
-868
-277
-82
-52
302
-499
-943
-640
947
608
-856
153
47
-484
-169
604
-842
-408
102
862
-873
299
88
-874
887
-68
47
910
-230
-447
-461
687
394
679
-781
-132
-608
620
529
728
76
-380
-635
-341
-299
433
-404
371
916
-95
990
983
685
774
245
993
-196
-745
-529
-680
-612
611
904
473
-702
103
-150
-504
-895
-144
520
386
-745
568
-557
260
-696
638
352
-144
524
-850
627
-583
675
665
-854
-10
-57
-732
-257
762
-502
-576
502
-791
265
-429
-276
-381
208
837
397
-275
897
17
409
-935
-664
326
-380
-450
756
-41
-504
-468
933
535
-671
217
-853
348
-627
957
423
-814
-800
691
943
-119
801
3
-367
-899
-560
364
633
-401
-521
588
-73
-634
-23
-321
-473
4
-334
786
378
429
959
864
-719
480
-773
-858
-955
103
897
-606
103
-45
692
545
732
840
582
-938
677
-692
-184
552
-197
-57
-211
-909
-719
-27
-85
-594
-923
529
-658
472
-682
26
-642
125
992
482
-965
555
-194
-105
344
-917
53
645
-602
290
-391
-505
-682
-737
-611
-437
713
287
-315
393
987
-255
-629
601
753
816
-68
-431
772
902
-329
175
515
-260
682
-856
572
-935
600
14
-918
-224
731
-339
-825
-694
971
729
-328
737
-394
-690
377
398
383
-476
-335
-711
-352
-662
226
743
-796
-562
657
689
-356
338
583
843
142
216
-485
197
-15
-136
259
-879
945
621
-450
-90
196
-989
-970
-842
400
-94
121
257
-121
245
232
-88
-784
-665
618
679
-150
-327
-285
-417
-843
-558
261
945
-350
-614
-539
-630
-90
212
815
-41
502
919
-162
-909
0
-180
91
-483
-577
611
-715
-996
727
286
-268
-266
-573
-630
732
159
-86
-827
789
331
416
-992
53
-398
739
576
812
-239
-509
-906
685
-246
-767
641
-273
-495
-14
-908
-254
790
-427
-295
14
-1
-276
-724
162
-805
-273
758
-428
-701
-393
604
-676
509
-299
-591
-134
-465
702
-331
933
-848
322
602
286
780
747
-40
-493
540
-715
-444
391
-214
-348
-609
450
-452
-818
-988
228
-151
136
-592
-593
408
-721
-22
-8
-410
943
-244
-49
392
661
-926
187
-752
513
442
-42
410
174
-377
4
59
566
-620
484
923
-335
719
-322
80
-91
-279
-985
-650
702
804
88
682
-11
-999
-238
-404
-622
-867
839
-455
-632
-50
-708
-740
-464
139
-101
869
-433
628
-802
120
-666
-238
308
-812
-657
-435
789
-709
92
307
-108
-80
765
-829
632
927
951
452
807
523
399
110
332
-794
-752
-502
561
731
-89
-757
149
-442
-342
-655
87
-359
755
-919
-756
-700
-133
962
-562
957
-74
628
560
-199
-40
753
180
235
-644
862
-969
-954
365
-708
-883
552
-356
-524
-187
204
-995
366
404
-933
622
-239
-190
-645
496
154
-517
604
-196
479
-816
-260
-318
782
775
199
733
745
-333
561
364
-591
-199
640
646
376
601
-640
-645
808
773
363
-20
65
-483
406
-738
90
597
209
945
242
916
305
-972
874
-460
948
321
-898
936
545
-400
-509
-326
675
935
-237
-879
18
-930
-809
-218
310
170
-120
-515
-313
-554
863
-171
-467
-602
246
-384
321
-494
947
77
-924
-64
-45
-299
-530
887
-738
629
-719
669
-85
502
918
-576
-140
842
5
-145
-267
-352
47
-613
-278
462
274
20
196
292
-351
330
-370
341
-229
947
921
413
918
-670
212
-875
-44
715
663
-939
-512
170
-275
27
234
-805
-419
-656
432
275
-720
-787
735
-749
155
757
30
305
-92
306
-32
-582
588
-176
222
-172
-5
706
-266
594
141
199
-338
745
-588
868
-734
426
-881
587
480
100
-874
-903
295
-279
-67
964
1
-966
54
257
529
415
-843
731
-118
-764
935
-188
889
-231
-479
-17
949
781
405
927
990
-641
842
-719
152
-288
165
-703
163
947
-553
-114
125
-200
-736
-399
-809
-849
-166
-795
-833
691
-334
949
-730
65
716
-241
-707
714
-220
-364
578
358
-570
855
94
-51
-766
-404
-44
-880
928
-428
-820
122
921
347
390
-398
126
241
503
-429
-599
-844
-329
130
-277
-93
-38
-661
753
-567
-650
389
927
41
-979
295
847
-84
-366
281
312
-988
-543
815
-139
454
161
-14
-837
394
10
817
813
-26
-295
-27
-496
-171
348
-789
-215
-974
196
17
-355
624
-802
-429
-764
389
-516
15
148
-103
318
-639
-500
-823
-939
-67
651
661
191
763
581
158
260
385
285
-593
796
-983
931
1
-463
496
650
-512
-857
-182
-129
211
-878
652
-910
987
-491
-135
381
719
-28
-406
238
-720
670
-364
324
-259
-403
-730
-492
-387
-200
-626
-186
175
-506
630
-904
-413
566
675
-59
79
397
-900
-495
199
-183
-275
-923
-913
-7
-931
537
178
-574
906
169
156
625
-383
698
105
-695
-289
67
233
158
431
-215
-382
-556
-986
951
851
274
-429
336
-828
-712
-522
414
-540
-762
963
24
-593
430
-3
-396
-883
-585
-849
529
-195
660
-964
-47
83
861
703
-770
-338
-518
-318
105
-404
202
-472
-709
-494
-788
-386
-320
27
-503
-549
231
-395
-117
-551
846
-815
-928
-772
-887
452
820
-387
419
-463
-130
-897
-408
-544
542
-506
655
228
-546
683
-56
227
42
-173
921
-597
96
-462
-143
756
947
-994
-402
430
307
930
-27
-556
-602
-792
-465
-800
364
501
602
-88
667
-444
861
-510
-473
-361
328
263
-936
88
398
883
-995
956
81
984
-642
-541
25
-598
33
352
276
967
-544
405
-610
302
-107
-351
-353
788
7
-270
-658
-758
677
-8
622
832
-615
-228
950
959
103
46
-370
-887
154
784
323
647
-63
98
-120
640
-402
-833
-188
375
-675
4
787
877
-255
322
165
201
289
813
-759
-501
-577
-803
101
398
419
-611
420
-511
-894
-195
-678
-751
-818
983
824
-662
654
-676
231
-975
-451
595
618
-248
136
-67
554
256
844
-478
633
-373
651
-336
90
-242
-277
-740
15
-823
-976
959
-432
-329
65
-691
-545
23
-948
620
917
-384
-490
982
-224
-919
27
309
-322
609
-63
174
562
838
-476
-914
230
235
-713
765
-583
-690
289
-840
263
-644
-256
-831
-709
204
162
-892
659
709
-610
984
-576
99
-64
-378
415
823
885
-897
-87
-630
-226
-330
-19
15
-441
-335
113
-462
-343
-573
-50
-703
184
-182
-839
231
49
-551
68
-131
-63
973
812
486
297
467
18
151
-383
179
-688
45
-122
-458
-288
628
-969
-958
-634
-511
343
-45
154
795
753
-514
-694
-61
39
-736
-970
167
298
737
179
140
450
-48
-298
180
889
648
-327
-294
-471
613
951
-908
488
-860
828
764
365
-4
375
-702
-183
931
-463
-594
310
186
463
-601
715
511
43
637
-44
342
-399
249
765
-679
-93
746
-891
432
-808
593
-477
-160
-957
-937
-552
419
843
-487
371
-838
851
421
-397
945
-479
-591
929
672
677
426
349
-710
508
336
-679
-668
838
505
891
-247
644
-453
-302
980
529
45
404
-676
-186
-637
-595
325
893
579
618
567
671
-182
-393
-33
-470
-127
723
814
-368
236
-410
-360
560
590
-616
-119
995
749
-21
-498
467
-510
-848
594
-232
-463
629
-999
-246
415
-544
36
-373
-587
-769
-307
326
681
242
-776
-510
-995
-353
640
-849
722
-283
-986
-307
-369
978
131
431
8
-684
254
344
-376
842
65
182
565
-547
6
709
-127
45
920
-59
-716
-771
-814
53
702
-737
-576
-10
549
762
331
-366
485
-992
519
-960
536
433
265
56
795
487
-957
233
-438
-108
240
497
484
818
-30
903
-410
560
-974
-627
-194
-641
461
46
-164
-287
-84
-382
-854
953
507
641
-335
310
-474
-255
-388
442
-149
-895
619
-223
225
556
229
-404
-604
353
-276
216
551
-566
158
200
-102
-277
-136
305
839
249
173
-499
141
587
-329
794
429
-73
-355
457
-495
-676
252
-756
-103
-29
-433
-909
-670
-599
-744
942
-615
-221
203
60
538
-77
-423
191
-61
598
947
-487
414
-989
-199
437
-76
-50
-357
-192
155
614
937
-863
-768
188
-816
972
706
368
-545
-80
-400
304
-63
-289
-133
553
815
887
816
-310
-596
-862
-359
-843
-43
762
325
475
509
91
879
-591
301
722
384
879
-358
7
690
-719
35
191
-339
-607
722
-106
-590
-991
-876
-24
-974
-110
-182
-407
-512
840
257
809
396
65
-409
375
661
890
655
-669
-411
-125
294
158
-40
460
493
-110
97
1000
-157
-591
130
625
-9
-274
-995
240
-903
290
246
195
747
555
739
-644
-392
674
-82
-904
-594
-467
866
692
-868
-282
-428
403
481
-60
-890
237
67
24
362
-75
88
317
862
452
816
207
80
512
716
704
718
-51
444
-587
947
454
-33
-523
88
53
-995
-462
416
676
711
887
75
-972
239
-113
-24
-921
-315
-362
-869
641
390
-148
-370
-167
400
964
53
-508
854
696
-584
-846
893
639
-929
735
322
306
777
-380
13
-318
-645
-736
-528
-417
738
-953
976
472
479
902
409
6
-746
514
86
771
719
544
234
878
574
-447
-950
560
-202
-617
-736
-312
-192
631
636
-931
-47
177
685
754
211
104
-324
-587
-593
-210
111
582
-182
864
-924
-644
728
731
-285
940
354
-882
-79
-667
126
-32
-700
-272
120
-231
-266
155
-504
157
-759
760
-754
540
849
-265
-670
-594
815
867
-687
-263
-424
29
990
74
777
-329
-397
-143
870
-631
-125
888
415
966
904
-602
-202
948
-6
366
453
201
-702
-638
-85
-197
-319
-292
789
99
-674
-734
-44
-190
240
-459
-811
-277
-466
-544
656
538
493
950
-367
24
-15
-992
50
-716
-186
422
880
-868
479
433
288
-424
803
-88
44
386
-893
331
465
324
85
762
-268
746
30
107
669
887
415
752
-556
-461
732
-265
429
-612
223
-392
-262
445
-73
216
189
-246
-618
-154
571
-851
561
-135
209
114
719
899
-428
-957
-102
520
-180
-211
375
-407
-887
184
-766
567
-944
-668
308
-920
778
515
940
-226
637
158
-300
-804
285
-608
-275
629
11
-786
-308
942
-682
-961
586
-205
-591
207
391
183
-32
-909
-373
-13
62
352
-665
829
-80
196
553
-92
-402
-358
101
-60
-88
-122
-987
-831
-972
193
147
461
980
-444
533
-811
412
-350
-740
507
-616
-570
-108
785
-93
195
-750
578
-726
596
-9
965
-16
638
-3
68
132
318
-427
275
-554
456
304
570
391
304
154
730
928
-314
882
-196
853
-406
-350
557
471
-465
551
751
248
-905
-409
581
876
319
531
435
-676
-600
-36
272
-965
-82
-262
-129
681
-740
-336
232
-478
900
428
-817
14
-615
-989
-380
123
731
353
-771
-379
53
664
-378
-748
-419
998
-532
-458
-423
168
-865
788
296
634
150
-906
247
-219
242
-590
-204
953
285
38
726
-858
-729
387
-380
850
-184
-284
-827
509
621
748
-305
-824
178
478
459
-127
450
322
775
952
-449
63
-423
-684
149
-662
568
-758
-129
-682
631
24
958
-555
347
562
800
903
-290
502
-885
143
532
-148
-880
890
-13
14
-963
855
-327
-574
-808
-452
822
509
-796
396
295
-704
-685
528
-467
897
682
-623
-835
44
177
-49
50
191
440
-678
386
960
217
-48
-558
8
104
935
267
-710
-735
526
-882
725
-408
872
908
422
-722
531
885
-657
-814
-686
-451
-738
295
453
844
847
824
-478
-800
-961
-174
33
-224
-977
-249
996
353
-128
-329
362
510
-679
979
645
340
-810
-439
-478
182
-124
-364
-326
-786
-373
-464
186
857
-427
153
-695
793
207
-357
-377
-508
-479
848
-154
607
-613
-365
212
877
-646
-380
-518
455
450
108
607
982
-3
586
476
560
-857
816
-623
771
485
403
-8
548
-353
-238
765
740
69
-450
-369
-204
-105
-959
-192
178
548
675
843
63
703
816
-566
-790
992
837
-908
-122
-394
880
-656
-50
921
-991
481
-536
933
797
-405
167
348
60
943
92
934
-200
719
-588
698
-971
-461
-209
-792
764
-654
418
-115
596
109
-444
596
189
-194
-784
-136
-107
626
-279
288
354
-133
239
339
-268
-128
-639
-611
-171
-922
544
-706
-475
206
203
-646
-895
-748
-587
150
266
-463
789
-606
234
434
786
-442
802
-591
328
581
-542
-738
103
857
321
638
157
536
624
329
-12
-942
905
915
521
415
-92
-90
451
-371
983
910
-961
-654
-905
-449
-620
-425
-14
-406
217
-152
35
81
116
-406
380
166
-734
589
-907
-421
979
429
-878
-368
907
668
749
561
-336
-277
106
-87
566
-338
490
488
638
-462
-714
793
-342
404
-760
125
195
-21
329
-682
34
262
-724
441
356
-452
-803
-242
-175
627
-617
463
-174
-850
86
939
-282
-854
129
-569
593
-152
1
-397
949
822
669
-436
624
679
354
-640
293
-965
867
-53
542
710
438
-776
-542
-982
-144
-365
599
-376
759
-1
-472
-527
-132
795
543
-770
-834
405
-147
509
-29
-746
-356
450
535
-640
991
-394
506
852
-496
577
832
38
-27
-260
873
-617
531
-706
439
8
-553
249
624
471
-706
-908
766
-77
279
116
294
225
-305
327
409
1000
-609
-294
-521
539
512
241
876
55
-454
6
-878
869
644
8
380
-586
-742
-677
-657
568
-678
767
-875
3
523
790
-558
-503
-938
471
-293
-592
-589
548
9
592
-969
440
-181
614
237
791
388
-867
-29
234
-133
-483
-473
-392
-134
-738
-765
-166
-564
45
747
-111
-21
341
-767
-448
-603
-580
-586
355
-685
-567
387
-45
-810
-378
-465
-139
734
-160
-440
76
-83
-909
201
-466
12
-674
730
-844
-3
-139
-308
397
524
-441
-259
-997
-249
397
-491
-560
-253
-489
-314
-237
-785
552
-893
783
904
-496
-399
470
-799
-781
-389
111
224
-12
-611
394
-375
582
475
661
98
-21
-27
131
-659
-285
-288
-775
910
896
8
102
598
101
128
-529
556
-328
825
-825
329
-695
-400
1000
50
853
551
-701
476
-796
-51
-208
-53
-401
-247
-93
687
-663
342
358
-687
622
566
-819
-979
-594
-267
828
-760
317
-381
-33
-65
-237
871
-978
-455
875
-898
-234
359
-529
-507
799
297
-455
-836
937
-214
-595
923
153
18
-780
366
639
-890
-110
364
274
985
-133
516
9
475
-665
251
796
-287
719
472
370
772
266
173
-229
-5
713
-224
-799
-368
-165
561
-20
-751
-150
-834
210
-43
772
-478
-108
-907
-51
-46
169
-209
-33
381
704
-701
-906
960
485
917
-243
-507
-436
-476
389
-788
-328
215
480
-27
296
-594
715
-926
-277
-628
645
757
997
505
938
314
962
-643
-992
635
92
59
-848
-157
650
-891
-651
811
-58
426
-424
936
307
-60
565
411
401
331
98
-489
853
503
-716
534
668
-458
244
583
38
-949
131
657
-963
625
-235
-574
254
675
217
290
636
-727
765
739
896
583
982
446
551
375
484
-695
872
235
812
-823
-623
-642
518
-156
493
227
-899
-51
-873
-747
617
-923
687
905
10
-193
915
213
443
-855
922
745
-555
721
-76
773
-633
695
-174
903
-483
724
156
-190
776
604
182
-277
638
-104
-507
269
254
-82
220
622
-564
609
530
520
80
-15
86
108
-317
564
-386
179
334
170
-470
-92
843
-750
795
-269
672
-649
-487
314
412
116
-23
-930
341
771
890
-431
-998
540
-80
928
-350
-98
55
-175
608
92
-890
-344
-668
-986
-537
254
300
829
208
775
906
-270
60
641
-404
218
362
559
-693
-875
-366
823
-794
397
799
-674
140
984
992
-49
299
808
86
722
-782
-981
-600
890
-187
-6
-571
-82
-335
672
901
-357
-412
-556
240
-113
299
-853
-629
-31
-320
-6
-489
910
884
-546
-35
265
451
360
-852
425
667
-471
-773
-151
-352
-727
-32
130
-527
52
-665
-879
333
-570
-472
833
200
565
142
-898
787
865
263
-736
-222
489
-532
-810
124
265
589
-805
-245
261
-102
-993
395
751
-786
451
-586
590
-69
-423
564
-365
429
-185
-158
602
-538
-664
716
-623
291
578
809
-650
-846
11
-32
387
-614
421
118
-206
472
-437
-884
-958
-931
775
-675
-266
-488
-198
1000
-982
552
838
-539
676
-494
234
-317
-750
-704
-75
869
-563
-915
-188
603
143
98
47
473
-45
181
392
-314
933
139
-147
77
514
-592
-919
145
578
-226
-441
431
502
-976
930
-555
-758
-680
339
190
613
405
-265
709
401
582
937
374
-81
-300
-239
-832
-746
669
-810
846
-321
-135
-439
-508
-164
379
257
-962
-816
799
99
524
-860
788
773
939
601
-387
-140
-924
-730
-554
50
-381
406
484
413
-406
-53
-167
-198
-306
387
-419
-525
754
105
-708
-253
-489
735
573
-490
458
715
-704
-156
263
-796
598
-982
-514
270
436
336
696
771
837
-218
-768
194
528
121
798
-49
-709
-55
-649
-580
395
291
571
23
527
-484
-220
-862
634
814
-175
167
642
-578
537
-186
-822
-182
928
-691
739
-814
396
864
-431
-443
52
357
-388
-746
904
-890
-351
531
-762
953
259
279
310
9
-798
570
-925
-945
-320
854
-704
-970
415
-704
-656
-948
201
290
-744
188
-11
496
627
-555
96
-561
-217
-235
27
445
831
-264
892
142
571
-242
-143
-358
-675
251
-472
-512
-790
-99
-567
762
561
995
665
245
-614
-687
-95
-600
616
-876
-937
983
875
800
24
-658
139
361
-419
614
-432
344
-150
682
-638
497
897
898
-812
-728
110
-81
-102
957
356
-502
97
122
-839
-323
-503
520
-415
58
947
863
-549
-755
-451
939
183
192
106
181
195
-508
-950
-952
-775
-839
-389
813
-894
627
80
-972
-253
553
-645
-254
-9
626
182
498
769
-85
959
-509
-898
-522
-814
-88
-745
28
-891
-768
-680
638
576
-184
-264
579
-485
989
669
367
840
-942
-913
878
-722
143
-473
-876
-72
-465
-423
353
-741
-43
-27
953
-606
445
-988
-471
-812
551
-40
553
-703
883
407
-261
-92
-597
-428
864
-154
878
832
-289
953
748
-576
659
-954
-966
417
-559
64
510
-551
397
456
165
-890
-350
-709
-325
927
-668
-205
555
573
-287
525
-694
719
242
233
-916
-682
382
541
-490
629
-322
839
566
-238
702
234
97
574
802
-993
-230
931
-344
319
352
-799
266
-395
-481
679
278
-519
254
-148
810
-206
-680
-36
-555
-960
684
893
-576
-983
-17
885
-305
-285
351
790
318
-835
-478
313
294
730
409
891
211
525
-875
-971
-146
938
295
886
-723
791
285
263
27
918
-561
-325
-69
455
932
998
906
-603
-800
502
-793
640
-902
-752
-585
992
-379
-637
-915
246
-568
-935
570
551
10
-605
452
211
436
-762
957
-940
-156
451
-260
392
241
166
-397
791
85
-767
-18
248
561
626
841
-27
-591
474
476
533
358
-354
612
120
-631
-884
543
735
-126
527
586
-561
305
-424
-585
-650
553
118
228
603
-255
152
-789
277
-722
-769
-405
-299
-198
333
-48
-581
386
-946
654
-97
-693
43
-832
-338
388
823
326
540
383
379
768
758
-592
-152
-90
-295
-542
160
414
918
-353
-290
305
-227
-249
-215
-939
-69
329
-649
800
-162
-648
-531
348
-808
250
-318
-193
391
-102
676
-956
993
-666
-680
-281
-906
-847
-918
-472
707
-659
-324
-552
451
765
-915
-695
137
302
293
974
36
-113
-637
523
-674
346
235
105
503
952
277
950
819
516
-321
38
-77
288
-25
41
415
893
-551
-879
-222
401
269
-222
224
760
-878
793
-744
434
769
271
684
-868
-463
-845
-175
846
-892
456
-32
1000
148
975
936
-229
-605
898
-687
-295
-992
-831
259
-493
330
988
-578
329
507
-572
699
-838
539
-904
-432
55
-26
-162
-879
381
599
-219
70
-141
566
561
-576
420
460
-553
-247
-704
-763
89
-955
395
-919
-60
53
-184
105
-871
-941
-432
701
-643
-344
-353
-70
-995
-950
-283
-408
782
-65
913
-758
629
-110
-699
519
-262
-139
-446
-500
666
-328
681
-405
114
315
-43
742
-99
182
34
730
957
314
-282
-419
801
654
-333
-586
-598
37
746
697
935
537
813
762
274
570
611
443
-716
909
-523
827
-594
-898
32
-484
-595
547
470
-132
313
689
-669
144
754
58
-984
-928
-537
897
596
-344
-142
592
554
-66
437
323
-378
-259
485
63
596
-980
-776
-248
-446
-796
-584
604
940
104
-160
-141
-164
-253
-979
454
608
782
-383
-7
499
558
830
-507
535
-181
-64
735
896
822
-962
-754
960
400
-988
-929
179
811
267
-662
-789
730
670
-516
719
160
477
709
543
699
315
-125
234
-650
581
867
-842
-903
262
-749
-811
725
118
500
-779
424
-298
195
-971
-459
493
147
-874
-685
-472
-912
723
-94
392
-288
-304
524
962
521
166
-768
517
-869
-282
525
-352
203
-691
268
-504
821
-880
919
-640
741
-948
-908
400
-628
-359
251
806
-292
614
-182
454
650
-721
221
290
-311
-682
-107
244
-742
153
105
246
-467
-278
-513
749
-496
930
24
876
-808
752
-257
-41
32
645
722
93
342
-470
462
938
-84
-14
-934
-987
-349
-825
-668
961
510
998
-54
670
338
766
-497
-435
735
510
167
-308
-467
-440
434
-335
-914
-44
-598
-533
-566
-635
-987
60
-625
-541
341
-633
312
-609
807
-813
-535
-987
959
437
647
-25
-5
-273
864
127
674
-3
-561
347
761
35
-155
-58
197
-632
-435
-119
863
945
-626
-943
836
778
631
87
-266
516
-493
-440
847
-696
321
-109
-195
187
-482
894
928
800
92
417
-29
-548
128
-718
484
-266
-551
-573
756
710
-165
91
678
-733
600
697
135
-542
996
-591
505
155
919
-945
190
63
-824
-999
-93
703
-198
928
-231
219
-667
-472
-76
-864
246
-778
-285
-766
150
-440
-243
-675
469
638
-627
-602
-967
515
-138
-344
598
-552
33
-755
976
784
359
994
962
10
679
-386
-847
-129
-365
999
314
146
817
-515
-124
-159
998
964
194
-403
-295
152
-973
-359
-532
53
-319
-604
276
-443
-75
689
383
-285
-658
166
-136
324
258
705
-364
555
-309
-346
-279
-610
-111
-46
594
-86
-921
606
813
495
-368
522
556
892
-786
419
-144
960
604
362
119
-153
459
431
-353
943
373
986
746
809
-147
-284
-191
-519
-612
447
-365
-477
-615
71
-317
484
787
-933
305
538
-396
651
-516
325
730
-342
-738
317
179
693
-746
-988
591
-51
-562
-768
-858
-928
644
138
-68
-635
249
-68
994
-86
-126
-639
301
-600
-662
-394
350
-897
-296
172
-328
-662
-828
-979
904
418
-42
467
657
-139
112
-277
677
-551
168
730
-827
-495
-997
926
-183
469
-752
-635
55
-306
-670
-386
962
442
-716
833
-619
-260
585
576
865
578
-669
952
458
135
386
399
-941
305
-72
446
52
-951
-130
-161
114
-985
207
148
829
-257
635
-918
941
-763
328
-963
-429
606
-789
-291
-61
671
131
-279
-859
917
-72
-248
854
-420
74
-549
-802
853
141
-248
329
-218
-663
908
-616
-55
119
533
-851
-296
167
565
-965
444
-215
-868
-431
174
831
-92
725
285
-188
-376
53
-332
957
685
436
813
146
-410
855
-429
-759
854
490
39
-274
-759
-547
469
-221
-856
-393
964
353
615
783
-128
-598
815
876
402
102
716
253
536
979
-497
696
329
-468
525
-335
786
450
-554
-954
6
-885
-316
-134
722
902
-609
988
-257
975
124
-961
61
975
-416
459
135
374
-370
-478
338
781
-865
558
-867
-510
-332
326
462
-49
-50
-761
-306
870
-730
916
-139
257
-725
-410
940
534
-408
-415
-18
365
778
958
-335
-7
-260
-389
-436
440
986
516
734
-897
528
-819
563
-133
-109
-127
968
-540
394
589
908
417
-187
-364
100
980
-224
-878
835
-155
189
176
-911
735
-594
878
339
883
323
-681
-766
-554
957
832
0
955
644
-652
755
304
-715
390
-160
285
223
-206
464
-491
-639
442
636
36
-68
-52
-779
-324
-940
-210
-279
36
-239
13
728
-391
-834
158
160
-746
-430
-159
-874
643
819
-12
-798
179
69
-415
138
753
-736
-785
721
513
-494
-127
-400
388
-651
-810
537
514
-79
-406
-919
-412
965
896
123
916
-286
-987
-320
43
935
929
-607
572
-93
626
959
-330
-652
497
833
153
-452
-257
949
348
88
-127
-539
23
-23
-631
-492
-388
-456
295
703
-150
152
699
635
772
548
-661
-5
459
-787
-534
175
-990
-439
-386
967
-121
8
-97
424
-986
624
-876
45
-712
386
946
-708
-875
-237
484
-839
319
-483
-557
707
487
381
130
-419
688
-457
-850
284
-832
-775
398
617
-475
456
276
-814
904
759
-572
-423
-237
22
-997
-306
580
-598
-3
575
-145
245
-774
-625
153
-777
816
21
496
-428
-795
168
476
-810
-596
431
29
-595
932
935
519
-735
616
81
924
-976
-525
8
-464
-59
150
-962
-828
-588
-418
106
840
838
286
239
935
267
611
940
-916
45
-430
-446
-57
422
-518
-966
932
-196
620
536
479
-602
368
719
-983
494
-976
-339
990
131
68
367
451
-898
-216
-541
231
414
-700
805
-270
-46
492
-533
-907
41
402
-911
-683
242
303
122
-545
646
13
231
571
565
-440
-453
-561
-889
-660
-450
-694
-935
-996
541
874
24
-394
39
-566
822
39
-586
249
-549
511
382
-799
-313
700
802
-938
815
-160
-150
-437
859
99
-667
904
768
630
-789
89
953
424
788
167
665
-165
31
-426
-239
-288
-416
463
208
-539
389
523
267
-960
873
404
475
626
78
883
202
-292
-292
-348
792
898
-75
655
776
801
647
6
-360
-535
-172
148
205
501
46
-865
-463
157
-136
-565
490
-242
-990
-525
-755
-957
236
-163
-275
774
-159
-489
488
397
955
-387
-327
-469
-9
-849
-230
994
590
-490
-765
250
183
431
-363
876
-242
-329
326
-119
-950
865
122
-304
-316
-899
-181
696
-642
940
700
134
-253
-303
600
-52
-64
-361
-891
-476
689
-819
865
875
-192
947
598
-693
17
-505
-272
880
-1
19
-693
249
748
980
-669
-441
4
665
573
610
-193
594
-98
823
-257
-426
-138
706
-292
-306
-769
188
-788
197
-793
-471
-281
-229
836
491
835
-441
-994
646
672
-74
603
108
-82
464
-135
-29
109
834
-36
-441
-776
434
533
775
30
-852
779
-390
844
508
499
735
-133
-547
977
-930
-195
-956
396
-9
-772
667
971
-201
230
523
-483
-868
372
675
947
-543
-576
-540
-807
-81
239
-691
530
301
-32
-322
889
449
473
-812
69
-871
98
823
376
-5
-934
-744
-604
-230
-147
156
84
-785
446
98
-416
-193
940
-643
-850
704
442
-96
362
-608
-429
-56
-322
-261
-254
655
147
123
520
91
-529
254
550
-559
810
-890
-545
-396
-573
-755
463
-122
-604
948
26
-513
270
323
-152
983
978
470
-415
609
-770
-320
-219
-743
-547
726
878
431
307
-156
-384
-557
-467
703
-780
115
-41
970
-306
-396
80
-470
-92
773
-698
547
778
-112
860
-517
-909
987
976
-745
-923
-292
-291
-996
611
-784
-652
185
-766
286
564
911
43
-264
-125
-809
898
624
537
-151
989
-434
-322
458
352
-403
2
729
-673
-849
294
107
245
-709
-778
-873
388
734
-137
-991
619
446
-328
-943
-742
208
119
-380
232
-651
362
-593
231
860
296
-61
-288
77
-33
326
-774
-183
190
699
644
-653
-634
-29
154
-83
113
-649
-386
938
-6
291
525
-169
-226
-727
328
-307
544
247
25
-181
95
-478
-17
86
681
103
-984
779
334
239
419
161
-495
222
-166
180
-126
234
-645
759
846
-374
299
675
-947
-880
337
-8
989
535
-541
358
-697
250
-722
287
-156
677
671
781
433
-600
-92
-53
430
667
944
-942
-674
-822
-636
-909
507
304
794
127
372
42
791
-701
-692
-279
-860
-950
-683
737
695
-408
945
352
967
-440
-735
-671
490
36
-355
-385
-484
-728
599
-651
-178
667
-448
121
-343
-20
929
194
-49
-695
-752
-470
183
113
907
138
-739
727
-356
539
593
-885
-111
280
242
742
455
-790
547
812
-493
219
-445
-433
280
-451
885
-315
-483
-417
-571
-520
990
-394
663
-913
42
-644
-52
-878
-819
355
-442
237
-943
-646
-856
94
-116
94
373
875
823
336
-212
-304
366
896
-260
-36
-61
713
33
-576
153
-159
826
-878
-565
-989
559
734
-916
684
-407
378
450
689
-338
-686
-813
-879
79
479
572
801
787
656
-644
-303
230
406
36
680
-286
518
863
-178
-550
193
227
-51
-733
-282
627
569
588
20
-51
-733
-329
-912
-70
-571
-88
770
255
-623
603
907
883
-287
240
-94
-993
578
577
-955
731
-465
-573
944
-698
-381
440
656
-760
-368
700
920
237
299
-484
1000
430
-454
-39
-442
-16
-69
610
441
995
148
-288
141
-628
246
710
472
355
-953
-702
-382
-828
879
906
890
213
-251
845
-508
-481
165
-513
-620
99
-777
525
-282
-254
-444
-344
-605
-245
-214
-320
-491
916
-770
-35
-395
-142
741
-869
-493
-209
819
77
484
934
-666
-620
14
-126
579
910
92
-699
-533
-739
-767
-286
894
-918
440
-117
-38
-190
-236
838
-733
464
892
531
100
843
527
-862
57
816
-364
-109
-569
806
-586
-102
-763
133
168
-280
95
341
656
523
664
454
-215
701
-347
520
-4
349
-757
-610
857
543
639
35
-739
-177
-324
930
-721
-181
296
935
166
502
184
314
-625
-339
-454
581
751
530
-936
-783
-877
381
-124
-937
-789
605
-373
159
-346
533
-694
119
573
594
-368
332
581
-968
468
342
685
463
580
986
934
-781
11
-526
-444
-702
-604
-582
-393
-873
679
-870
-50
299
542
51
556
606
242
98
427
663
446
570
-824
-520
882
-217
193
-619
-433
-21
762
497
-838
-883
-481
-674
-273
-189
714
133
365
170
-282
-76
-39
-852
944
-487
-816
642
-407
213
81
948
-26
-304
-238
-375
921
-273
557
349
675
-557
20
-531
339
-670
808
75
335
307
-119
-990
-236
384
19
-519
-299
175
332
-896
176
-572
276
-435
-549
-674
-384
650
554
-757
-810
828
596
-819
536
-487
-509
-148
-397
-375
-423
853
-441
688
-681
-251
-112
494
495
46
832
597
885
-478
22
-178
-939
-235
289
750
-868
156
153
-590
-63
-366
-803
-185
-763
666
-228
718
-526
-721
-168
-354
22
-619
566
-97
233
-497
84
466
958
975
584
240
231
933
-724
517
757
144
177
135
-629
-474
-650
715
222
-427
-366
699
-737
967
439
999
-129
-426
929
-953
-859
-774
148
-813
-889
-551
159
-383
-71
-157
280
353
-36
483
-287
301
-115
534
323
763
937
-52
409
-276
527
-684
-637
66
-635
-854
-176
310
434
-29
-968
101
-443
-510
-163
973
-594
-980
-186
-319
146
517
878
-49
375
-452
-24
728
-463
-879
184
-462
350
42
961
300
346
-497
415
-933
-593
-466
121
-422
-707
847
619
-195
313
-664
-257
-74
-76
-468
820
-212
949
-601
870
-124
-148
969
542
-538
727
-66
-583
852
-755
314
-884
-162
-788
473
983
382
-129
875
333
857
375
439
208
916
37
453
-230
-698
627
-751
-944
377
-641
-466
-958
-775
-974
-94
797
-898
-525
-247
459
116
-608
645
-442
-977
-202
967
-855
-193
-376
-713
170
962
338
-168
-271
914
-853
987
975
-340
-532
-105
103
817
411
-367
-552
-714
261
396
-85
228
500
-967
-859
932
-178
-766
-155
-806
629
-814
567
-889
-611
-72
-169
93
-985
786
-82
-572
-128
61
-189
132
915
439
-396
-903
293
661
870
550
589
-391
946
634
-294
463
187
-735
-820
-924
80
-138
-994
-465
604
201
27
339
-134
102
157
-676
867
225
121
-222
241
-431
999
-875
421
813
-87
-629
448
-217
-713
-289
764
944
342
662
117
501
855
-440
182
300
-592
976
-591
-340
-471
-182
20
-955
-469
810
-626
-908
-878
703
418
653
170
-804
-595
-358
-940
-704
348
-191
980
-830
-426
-221
414
710
353
304
-99
550
-661
842
937
-571
-294
734
-104
112
-711
-981
370
-439
-740
279
-852
32
770
-548
295
148
-482
720
-670
-66
644
352
-686
-45
-36
11
79
-983
615
276
688
-835
-18
69
450
-287
884
-205
861
306
-258
954
-676
-108
783
788
-487
-481
-192
990
266
956
588
-985
147
43
-773
-43
-707
652
-231
834
210
-368
499
-202
-674
-477
733
-409
-842
364
-83
-890
381
378
417
574
-276
-444
349
545
955
-911
675
634
-807
-71
386
578
-706
-792
-794
-551
204
936
-594
191
686
701
-705
-679
16
656
917
-399
336
-874
188
-328
914
-396
10
-92
-851
181
463
-677
16
581
-706
-747
166
505
297
-599
-940
546
833
-350
-999
657
518
34
-537
-885
617
178
-940
242
603
833
-868
627
-947
513
-453
79
-23
914
300
310
-937
674
596
389
327
996
50
-606
-182
-86
-16
441
-378
393
868
-127
-800
44
-623
985
-892
680
-572
528
236
-961
-383
-497
590
452
-324
-278
481
-174
162
896
-960
877
186
789
181
660
209
-11
-884
-69
-384
-303
353
313
-1000
-442
-417
735
-919
46
-171
442
-349
572
182
-574
-714
-809
-535
-270
-351
-956
731
146
608
-421
302
868
-239
30
-681
66
-236
316
560
769
-318
339
313
-517
147
-347
-774
439
308
-191
-559
-693
118
773
-885
-210
719
346
65
-971
-657
508
684
-809
-883
-169
-778
716
-498
455
-558
985
-782
-481
70
893
-197
-787
-60
-269
-355
-958
43
895
-812
-912
842
-56
230
539
522
76
601
-887
-724
235
-62
718
369
-824
458
335
-995
-281
705
384
-228
49
-17
-469
80
-292
250
-483
283
-490
-856
-183
341
133
72
354
889
963
-44
-862
-233
986
56
823
-629
-623
417
-994
-931
232
678
-460
-898
975
712
812
-318
412
-840
370
209
453
-618
649
952
-538
210
-766
388
206
454
-500
-4
195
894
660
259
119
-238
-257
414
-542
-946
336
-598
190
825
-536
368
-735
-429
-982
455
934
102
448
-627
111
183
956
-740
126
-393
714
-70
-186
-518
356
775
613
-212
490
-291
497
-193
-882
-185
-700
-895
-382
-183
944
-741
-447
-660
-429
-265
-180
-999
937
-453
593
-555
451
918
808
529
-58
541
936
-777
-253
360
587
660
159
-821
-501
-914
571
68
-243
-755
-438
-167
706
-163
212
541
-82
256
331
-280
-683
-779
63
300
-677
-485
-6
399
366
627
-965
-39
-175
-555
22
33
113
-172
-402
-127
-626
-21
-314
74
657
-449
339
-66
-547
45
-806
17
-488
-769
891
916
454
993
687
549
973
-498
-923
297
675
-858
-346
982
674
454
847
766
-129
151
-411
11
-892
-47
-387
732
330
-368
-140
-63
-694
834
355
-845
319
-508
678
775
385
-786
-500
-118
755
-104
601
190
115
787
-538
-664
-441
-892
36
943
-526
18
-909
-43
407
-100
415
-516
-994
600
323
-282
-560
612
-987
-125
514
268
133
-12
-274
-264
382
57
-547
-551
-774
-99
650
819
131
-986
-6
735
-729
-356
-121
555
856
183
834
-843
-26
712
545
-946
930
-132
555
32
-425
-104
-191
-895
-698
-515
414
834
-310
-228
-220
-270
525
28
885
103
-699
712
370
315
277
754
76
976
-39
22
411
-994
-161
-242
936
398
-970
-928
385
-796
286
859
243
-362
212
100
74
-382
-572
752
46
197
681
-896
-895
54
-855
-322
-790
-913
-984
963
-807
23
-913
711
334
546
-97
169
-613
747
-458
-485
61
322
-520
-490
-221
289
-298
401
162
568
854
-643
-477
452
18
782
-29
611
939
838
98
732
-976
99
-96
785
-691
-113
654
-656
-783
608
-889
-822
-148
-910
-330
-684
-373
316
947
119
668
665
938
886
-801
245
422
-765
-89
-530
-816
-404
172
258
673
-961
-898
396
-6
-478
-933
-653
-563
410
-533
219
-11
-203
944
-154
551
662
111
-955
-543
-478
-533
-378
496
-667
-886
-989
524
-894
458
515
542
-517
972
321
723
-503
852
-177
-885
-687
-252
130
589
-176
-805
-28
-419
-375
638
307
-635
11
198
581
809
643
554
737
543
339
810
304
856
968
689
-375
-133
258
863
-416
12
-627
-379
948
608
-434
-78
263
969
8
-460
150
473
755
-803
921
-719
-716
238
631
828
975
-810
-593
-961
12
58
123
-228
642
705
-589
-651
76
-236
-112
510
787
699
-27
561
494
-697
-212
933
-589
648
-451
713
-632
-474
62
-821
356
910
126
756
-943
580
-135
982
234
-62
676
-388
-706
-970
-490
-954
-2
-285
-488
-624
-952
578
-120
862
720
268
-555
-149
-828
247
78
856
178
471
-455
-309
-294
368
850
435
-621
-803
-777
-81
-991
-427
-421
69
-406
770
-607
114
-618
-400
816
-801
948
-738
-691
-464
532
292
836
743
-124
942
-262
-14
391
276
650
20
-85
593
-238
615
-662
-981
336
-503
-876
-720
759
921
-999
-799
773
539
-818
19
878
646
385
161
-974
-770
535
-370
708
-765
-220
-619
-64
26
263
594
-387
-849
643
624
923
-737
-313
614
873
-788
-861
-995
823
-440
-32
-651
360
-389
-284
195
-515
406
-196
-20
358
-563
86
369
527
425
-279
-931
703
-952
-553
-635
709
857
-640
912
-16
19
907
643
460
658
-519
108
-786
233
-101
-981
-978
823
927
537
651
664
862
-287
-288
306
420
-71
-238
-24
505
-466
654
-367
-498
-843
-128
-189
-850
336
403
451
-459
881
-440
-359
-53
-3
216
679
-461
679
145
950
59
-885
42
-733
870
832
-722
762
-737
-154
115
598
525
-12
-583
-177
44
-980
-876
958
9
-925
-133
-29
-97
730
548
-504
-709
949
271
812
-5
-699
-550
715
960
-682
405
471
-588
212
-733
277
352
-754
938
154
977
-575
461
-623
-749
914
-241
-438
137
224
47
236
-361
-874
-308
571
894
-850
-953
-970
485
277
555
181
-22
76
-947
-591
909
382
700
-719
-633
39
995
-44
-431
980
952
259
-882
506
49
-445
984
-39
-389
3
506
827
618
753
361
659
-739
-143
-369
282
-857
-22
-748
-908
416
-89
-769
-730
265
-564
-430
965
-780
-20
-698
561
-527
482
-192
866
93
8
-151
-345
-118
-763
-897
-855
-529
609
52
-34
978
560
-302
28
-720
238
-16
254
-82
-432
-661
-260
71
289
193
-16
-695
576
112
235
-891
-803
-669
-758
-442
-200
-588
-817
88
-830
-140
-235
604
368
274
-60
451
-428
320
535
-971
655
-193
423
-6
301
-363
9
-834
-602
-175
-154
376
-765
-522
-234
502
-482
248
-703
-631
30
793
-462
825
-757
-899
-451
-27
-670
-110
-38
-215
-95
213
263
859
350
-633
286
551
289
-314
-593
-837
251
-573
-490
793
702
833
729
615
-775
-5
-462
-660
-565
-920
117
-655
-256
-680
663
-766
81
-960
-569
-124
-340
840
-189
29
725
-903
521
741
555
-305
760
342
-894
677
808
677
-685
-395
-268
-459
-812
37
767
-920
-888
-299
492
45
-323
979
-588
557
15
756
925
746
624
706
206
936
-658
-837
-349
765
826
-614
894
-173
-31
-782
716
183
-466
-333
830
368
-422
117
-432
-532
412
-685
-657
529
493
475
517
-756
245
300
-663
966
108
-961
-756
16
101
-359
858
141
-732
654
781
-976
670
90
-617
282
976
111
639
889
-953
362
-807
-620
247
-611
315
629
848
69
-674
-446
382
-514
74
-84
907
731
-1000
1
-260
530
-516
-455
-126
145
-574
-750
343
154
100
-761
212
265
-860
401
-10
-168
-775
-138
-864
-42
-713
146
735
490
-346
160
-621
-320
-133
677
338
-744
395
-763
-397
-963
678
390
989
332
278
186
849
-134
-676
-539
-609
588
-740
-457
-288
-936
-955
-693
-678
-331
69
648
160
-126
981
-626
692
-611
-722
996
786
902
79
284
62
-101
-582
-979
-585
955
332
-776
-374
-164
783
-352
621
-818
-535
226
-663
107
-325
24
-993
-316
608
730
179
-821
-840
-947
-809
568
658
-725
-591
-908
252
-977
184
-486
519
839
-477
-567
720
-835
911
-282
265
224
-257
463
-314
-729
-269
-340
-712
513
243
689
-442
-242
-476
-953
-547
-382
141
163
-841
-355
-317
-648
17
137
454
658
61
-240
739
-261
-364
-872
286
870
-922
784
496
458
-594
-176
651
414
-81
-708
902
-759
700
505
268
-942
-42
251
683
-724
896
-426
-712
-233
38
321
-499
255
152
777
-603
905
1
-122
-295
-119
748
768
652
-266
709
-906
-438
988
-992
467
-1
-376
-659
67
829
556
139
139
-860
-785
269
455
-542
119
-345
-847
942
-35
-548
349
856
-382
-10
-152
88
-344
125
45
524
248
967
-439
144
870
590
545
-21
791
66
231
755
-565
-881
251
231
719
-974
-784
155
736
-102
190
671
388
-688
251
-731
902
-693
369
234
138
-527
699
-789
-513
782
676
-119
-777
181
-984
-249
-4
568
-23
755
-327
-343
-196
-385
-63
286
761
227
259
120
-731
-960
-23
-10
-201
471
-205
-153
-931
-294
521
-554
-460
36
216
-763
906
158
-59
386
-770
251
-556
273
-851
461
-349
381
184
-603
755
-105
-922
183
-871
-291
-89
-698
350
-284
575
-888
-814
-287
-793
-118
-541
462
509
-653
555
-121
989
993
-335
917
318
87
995
828
310
-177
315
314
392
584
620
555
494
921
-527
-632
-38
-179
-121
-185
-439
-234
659
-117
137
93
-323
-605
-653
-339
-700
932
-867
814
-112
-931
728
-256
707
-712
-436
-657
-714
-256
663
888
889
-487
23
383
-25
467
918
665
87
-522
323
443
-814
-759
-520
-688
-780
-985
537
-994
601
376
228
-643
-785
-257
5
-1
750
-521
803
-31
-562
-28
739
50
-759
-141
-553
-305
-910
884
927
870
-915
-115
585
-30
-596
961
62
691
-710
926
22
-241
375
40
978
714
222
-476
-713
-892
-557
76
299
243
585
635
-113
-80
934
-592
-696
512
-316
177
-994
85
-973
165
-226
521
437
471
-941
665
573
750
-513
700
530
-423
-337
-126
-92
-580
52
-656
-321
-351
-795
33
418
-55
316
-972
109
-530
-30
583
-507
-258
-933
-756
-599
-554
352
-507
-682
-666
-539
437
590
-315
-241
-81
-538
-647
809
-119
900
511
-709
547
728
-787
947
-348
139
676
842
-492
910
-906
-824
-944
-954
-352
917
-623
-468
-466
-263
907
603
447
-557
462
351
-791
571
-182
-429
489
557
-685
96
752
227
962
-422
829
742
-571
891
-234
738
-849
-131
-520
-231
847
-744
210
131
236
346
197
-891
-752
71
-655
-133
-906
401
-67
-118
-240
267
-995
669
849
-569
-185
-207
505
498
228
-492
570
-51
532
-611
-982
-109
-650
-351
-986
427
-845
745
837
347
-982
-450
994
369
951
-420
4
691
-180
22
-731
-904
-240
-793
505
413
139
157
18
-240
372
28
-441
937
676
399
693
-550
851
159
-140
465
928
-318
982
-680
826
-465
936
-268
5
-266
878
625
635
-470
183
206
351
760
-533
307
-904
-12
355
894
-407
941
-665
325
242
-739
-294
310
-652
-810
-230
-807
374
466
987
346
-768
-292
-142
-115
96
-996
-438
224
490
-511
-996
254
657
-55
-198
739
-766
759
908
-252
220
227
385
-732
113
-585
759
795
170
-667
374
303
194
-847
654
-575
-304
988
-435
570
344
90
707
-624
660
-467
18
268
953
752
989
-325
951
458
140
-728
-673
-312
740
528
567
-102
-592
-236
135
83
573
85
-398
-10
99
-621
216
820
721
-755
-221
725
684
386
770
-507
845
-157
-392
770
444
-270
672
-460
-28
-138
-846
-445
-460
-742
-902
638
291
-476
749
917
452
4
496
956
-480
511
757
38
564
538
-570
-336
957
-954
47
307
-221
532
324
-454
235
778
373
423
940
-590
-974
53
-963
330
-431
55
-530
-636
33
-151
-132
693
327
677
-387
-81
-505
602
-560
-178
903
119
592
326
-874
53
-440
548
-432
940
-858
271
655
680
361
-139
-818
-684
-124
-353
-255
-998
28
639
-613
-655
394
-316
854
257
-57
292
-200
20
712
-177
-527
485
761
-765
410
551
-855
850
661
914
-987
-341
756
-816
584
75
16
-493
21
-426
-925
-215
-281
995
515
420
260
-842
231
-524
-457
240
-159
-788
-209
-983
-451
-387
-141
971
-63
190
-388
-774
349
-508
-273
269
-462
-283
-638
283
777
-765
886
712
780
472
-136
929
920
-782
755
238
-950
404
-308
-959
695
46
-211
862
922
-562
-312
821
195
-797
79
-681
116
278
-520
215
328
85
-78
755
521
-674
-276
-546
639
-322
118
-606
-622
-982
-357
306
-272
-701
836
-589
-960
-754
195
697
-651
641
313
181
530
678
589
283
42
639
489
873
-127
-541
-899
-829
-55
-250
279
-894
-748
431
-746
-237
726
-25
648
-9
479
-600
-948
828
-598
535
654
-417
722
996
685
341
545
-464
121
-765
688
118
527
-199
308
-171
661
228
-910
550
-667
735
641
-960
629
-468
832
-215
-64
611
457
-941
-915
678
599
760
433
347
587
-744
-645
34
344
-850
-380
293
-463
574
-572
-259
882
-451
743
-205
672
199
166
-145
638
-138
507
309
180
495
946
-153
993
544
-903
263
-955
-986
-896
-257
259
182
54
-854
-939
-239
821
-696
235
435
252
462
-300
-324
-825
-844
269
-430
-43
-893
-994
-141
195
901
825
635
476
-219
-162
-139
-388
-716
66
-353
-156
-10
-891
-830
-346
618
958
792
-273
916
-603
-616
823
844
-115
204
183
738
338
268
875
79
-115
800
-546
621
-472
206
292
704
-879
-385
-612
945
289
-548
848
805
-857
82
597
936
-787
695
-583
-134
286
763
199
582
-699
-128
886
-35
654
-801
-483
-7
175
-95
-372
778
-812
142
-660
-480
736
-177
472
-85
-581
26
666
-147
-871
579
745
-844
949
371
694
-536
522
853
620
548
640
-638
404
-959
-860
569
902
-444
819
580
-443
-98
852
263
923
-570
-81
517
308
-955
848
-296
277
-920
702
-8
432
458
592
-353
251
712
-658
-556
558
265
216
948
640
-63
-817
-53
-291
511
-907
870
317
250
-403
-514
-851
933
-230
82
949
967
-423
-431
9
148
111
-639
494
313
-45
-147
209
841
85
428
-165
445
-78
179
-385
-3
-840
452
-788
-998
624
494
972
-615
340
-496
-505
-33
224
-2
-814
696
-616
122
722
-775
-745
827
-108
-583
246
-20
772
194
673
55
860
702
629
301
-251
581
578
933
929
-197
-716
-431
-463
405
544
-633
218
794
-213
-860
53
-877
880
123
-347
-83
-182
-116
702
-753
-891
244
-497
-156
693
548
222
-679
959
-972
945
706
-640
478
827
962
95
218
136
146
-68
-836
292
924
-660
884
398
18
366
949
800
-294
218
925
-371
85
350
392
-22
-736
555
-842
-254
287
875
-330
358
-65
-12
421
702
-229
759
451
-135
899
-242
-969
214
-680
-767
-118
-285
-23
-105
814
88
584
864
915
-950
11
-416
480
-90
-453
112
435
454
946
-885
-266
791
-959
777
142
-894
87
720
478
-389
-874
-781
-208
-549
976
504
-780
165
-991
139
864
40
16
-414
-817
727
892
-604
15
33
907
411
-537
509
-493
-719
911
-443
-167
669
964
-178
-105
461
-72
-735
-676
829
-652
-320
276
206
-445
-679
-200
-560
-345
-992
3
-483
922
-549
-724
24
419
-518
-517
-967
-631
41
-559
-434
-2
-325
997
267
367
-335
-145
923
715
37
-44
609
-784
762
313
-650
-65
-796
279
-134
-888
374
-278
-731
887
-403
791
30
410
364
689
-229
125
-196
577
-940
74
1
-121
322
313
321
521
-751
-454
-340
453
-923
734
264
-980
325
-535
-461
975
567
263
-603
-713
-101
-116
-16
-993
477
-317
-472
-196
-355
-581
44
-554
-416
224
-886
-803
-186
593
-87
350
-221
-770
-491
-492
955
-84
-526
758
-450
-93
-455
-112
996
-489
733
-9
-492
641
560
227
-608
-624
795
-929
-224
-927
-376
-324
-121
44
-796
34
-907
-536
-112
942
-270
-52
-61
-843
27
-82
901
959
368
488
-485
-363
-903
-621
176
56
377
81
385
70
624
278
-886
956
907
-95
772
-112
-482
-212
-821
-980
-248
806
-964
988
-51
336
782
-692
634
124
571
-516
-561
-686
481
-788
-757
567
431
-152
893
998
-760
957
304
-487
294
966
820
-156
140
-23
855
234
-52
400
-113
-683
942
-54
873
-77
900
892
-596
-196
994
-967
239
422
-503
377
280
982
299
-762
-385
-13
471
-329
-757
699
-791
-794
389
-699
-843
-559
468
-496
-782
-999
545
615
456
-752
206
782
-72
-850
975
300
60
321
-207
-99
542
-536
889
978
-86
-341
278
301
724
110
-216
557
227
153
-947
-289
836
-616
-831
67
-314
-721
466
-338
830
-322
-714
48
-103
-970
-411
-943
-802
707
-267
-949
462
152
696
427
719
-621
85
-537
-244
-576
957
-899
-920
538
-582
168
-725
-199
-944
871
693
-711
-551
384
350
-187
880
-380
427
547
-493
-588
300
-718
685
395
-36
958
811
836
-342
965
-332
450
-191
-490
227
743
247
657
-114
-81
480
587
-599
-615
934
-71
-603
-29
-654
341
642
-900
265
-86
-1
-262
-612
532
630
513
-848
-735
-813
-212
218
14
-153
-635
846
42
606
999
248
537
221
908
-346
-172
-189
513
-232
-40
-632
872
690
-160
59
341
-450
729
-130
-196
886
-706
-556
685
-439
278
5
-615
903
534
768
-345
1
700
191
-258
-167
267
-179
-151
-222
-169
-276
150
127
658
-1
274
-176
-526
709
-404
-549
832
-289
277
2
-963
915
-275
-543
-790
-523
-138
-273
225
-686
-201
628
-811
-234
554
543
-6
960
-791
894
-359
482
768
363
-866
-396
675
-707
-977
-581
-243
-853
-561
885
188
501
135
299
88
-239
270
757
139
-571
-139
601
765
487
148
928
-786
87
-90
776
89
-738
995
910
-379
506
16
-56
-547
777
568
929
-998
257
962
688
-289
946
-678
-876
-189
-177
49
-323
289
520
-299
974
-690
-54
547
658
-22
-48
545
531
-694
-969
937
-773
-224
-413
-330
773
-552
-764
288
288
486
-685
705
845
44
413
397
74
510
-112
289
90
451
-299
-380
939
125
167
-748
893
102
-300
976
-445
57
687
-920
-343
743
849
-977
-847
-166
734
781
-857
538
14
880
-790
636
-456
-282
926
-598
144
646
-406
751
94
-801
-293
-668
-983
-797
-917
873
61
-205
-487
113
-29
-350
-317
531
785
949
-153
168
328
-557
913
959
235
-331
-205
65
-564
-447
310
506
-535
870
-759
415
533
191
801
-186
292
453
-991
-837
205
-165
322
-587
-209
-208
870
43
992
-756
982
262
477
876
852
489
363
854
-115
-923
-628
440
481
-978
985
806
-226
137
792
-386
-736
809
605
882
600
-890
344
515
616
774
-463
970
-253
263
-637
868
425
808
-911
225
903
-153
-188
698
604
-379
-744
-852
-105
274
-18
301
-332
660
-125
646
712
397
834
-129
127
-213
525
-548
219
-320
700
-774
-871
-15
817
65
-575
-127
829
38
-866
514
699
513
-115
353
-240
-440
534
990
137
349
-964
614
489
-8
488
-714
-255
354
266
-223
870
176
-864
-320
-562
883
666
-331
717
105
580
-788
953
822
481
622
-412
-899
231
904
-716
137
-757
-940
-359
301
424
-42
-861
500
-982
-587
-671
-243
-31
883
197
294
108
692
804
557
-87
-838
-733
716
672
-342
133
762
945
492
888
-595
-612
-215
-628
442
827
-462
40
-469
150
-462
685
-481
-709
711
-847
-239
-409
260
470
144
925
890
37
421
373
244
581
-836
-909
-520
583
922
-837
870
-373
725
-62
-689
180
-639
223
-858
201
-437
241
-337
292
824
208
-986
-213
-13
831
99
-245
767
614
-539
922
798
447
518
405
-238
-619
-941
-710
-290
-366
-370
-362
-64
-600
306
256
-97
684
-238
501
182
599
-779
205
-334
697
988
-744
375
267
-57
-876
-235
-87
-293
947
587
-700
430
77
871
347
61
-527
-76
-11
-541
-635
185
-962
-164
-142
-802
831
253
237
845
-968
-585
88
-632
-909
107
159
830
838
167
121
-123
-119
-495
-773
315
34
403
626
-467
683
983
589
-528
-107
-391
-998
-331
-919
767
641
-742
-892
786
-852
-218
935
-217
793
301
507
558
936
112
664
140
967
757
-940
508
268
247
996
-478
-139
-49
564
380
-932
-267
-852
483
-554
-283
968
666
-365
-191
360
524
-147
-818
928
-390
567
-474
355
237
816
882
-545
-242
-288
-205
384
521
616
907
-346
859
-802
772
472
-863
-281
460
-230
638
-811
4
-420
587
-808
-526
-488
-366
-605
-163
-716
686
758
-187
393
-343
250
255
46
-978
-362
322
711
-185
209
609
694
330
688
-745
-624
334
895
-142
429
-884
667
-606
853
196
693
-628
-592
-761
-866
-283
-155
711
522
-640
287
-748
176
81
944
-550
-130
-998
-561
651
270
388
373
552
761
401
-142
-128
-860
188
633
532
-224
553
-499
-75
-504
484
247
779
922
301
943
95
-266
232
131
-819
-523
-7
-746
904
-304
-511
-82
424
-247
690
308
-432
-112
-461
730
-380
73
-114
-221
862
710
72
-178
-750
-955
-632
-324
492
-665
-959
-93
-608
-848
-205
984
-915
306
-153
120
-622
966
-419
-785
273
780
-177
140
475
-68
122
307
24
787
-278
-556
-751
652
-346
801
-958
-92
36
847
323
635
996
-840
-551
-612
399
-206
137
-50
-645
-33
-325
-790
844
798
-908
-399
-562
-739
-125
406
836
-123
-323
-269
389
-983
921
375
-799
-393
336
-691
-650
763
-906
61
-580
-164
755
-184
-883
-92
51
797
-893
911
8
-187
871
-355
679
326
-973
857
939
-855
-567
455
-674
86
252
629
-648
861
-761
791
-390
751
-183
-329
-523
871
875
207
362
-189
-538
-764
-218
57
-673
-162
-663
-919
358
-800
-506
814
93
433
-597
810
-950
-600
-73
429
293
642
-293
-23
682
362
-610
77
-913
112
-423
60
243
-893
-899
464
636
972
497
-167
966
-154
-810
921
841
-701
-746
986
-573
366
454
165
249
-206
-178
-271
640
-488
-122
441
736
819
-9
-4
620
981
574
759
-642
602
-91
-644
-433
950
-799
525
488
-80
977
-973
-907
-457
610
-903
499
873
-314
544
-304
582
-120
454
-613
-567
-533
-818
667
-819
245
570
499
-383
-888
-822
-775
696
910
-797
-155
-739
-51
141
677
450
275
-376
470
-534
238
183
49
-313
629
-914
906
387
371
377
395
-802
276
-38
736
-100
-755
-46
-392
724
-333
650
-219
-56
8
655
580
-831
-504
-824
673
-937
990
103
-488
742
-61
2
-867
-958
-330
-68
-115
-134
31
97
-860
-805
135
-506
893
-438
-982
-831
-960
203
379
941
-558
-653
937
-644
-453
-909
66
-572
922
-673
-996
87
-389
-418
311
-984
-807
-390
-78
-965
346
-731
145
959
602
540
228
-820
161
-514
868
-355
556
-999
-344
-271
-473
-437
888
-443
-633
-536
-225
82
-4
366
140
931
-822
-422
-257
524
253
-346
-879
602
561
476
480
498
-721
-458
-42
-789
-359
859
-81
824
573
296
871
-698
638
645
-121
-353
102
-11
921
567
-642
821
-657
847
-75
796
409
-710
-810
-698
-142
-123
-846
-835
278
-287
-520
-262
139
-315
-100
-169
-888
126
-314
-847
-792
256
627
-884
-874
-967
876
-765
813
440
514
-38
778
-725
589
-884
187
606
-227
-20
572
943
-440
-542
596
-346
189
-85
-247
337
-499
133
-541
-98
491
421
475
-567
-9
-760
209
-68
-704
613
-673
-327
691
809
-27
696
-610
447
619
540
147
-195
-92
-645
-889
-708
149
210
960
-876
77
120
-325
789
527
466
-439
-240
-739
-491
-505
-920
-948
84
636
300
468
-456
-799
-702
147
59
-477
-24
74
291
-496
36
393
378
156
142
89
864
-514
527
975
142
87
413
-983
336
-917
898
925
793
467
602
-58
-966
-90
-885
202
45
294
327
-586
809
-288
560
-168
443
988
-266
-525
478
653
785
957
998
387
544
-945
859
603
-270
635
72
-998
-954
31
-982
-929
-975
764
-852
590
976
995
-234
-455
114
818
186
-921
995
-423
-116
234
4
673
792
-727
667
-247
-464
-707
-972
788
-43
-342
-422
-727
798
691
-61
-445
-561
-807
611
-48
-349
932
518
-161
302
-725
-801
-624
-801
-915
208
598
155
384
-143
487
-363
-111
538
-538
56
147
744
405
44
130
731
-71
-508
-491
-37
392
564
-42
-707
931
364
-154
-795
-29
711
-91
695
-986
8
-49
-962
208
704
193
-650
440
384
-360
-956
-82
-618
-868
313
-108
-769
823
250
-564
-925
-160
-347
-717
-567
310
-163
968
241
990
917
-151
733
-421
206
-545
891
-690
989
864
-133
183
292
666
-535
569
657
-835
-190
-915
-504
-254
-255
-176
221
789
507
915
-115
717
-146
-671
565
-444
884
-188
-122
-761
-917
884
198
156
-983
-525
931
-361
17
274
-842
-664
-314
324
-810
18
796
-144
455
769
933
-573
-73
158
603
-689
-978
693
-903
224
-26
481
990
825
-137
614
-540
274
197
-487
-344
297
-542
-621
958
47
578
-816
-584
458
-360
22
95
478
768
-912
-844
538
-282
-527
216
807
460
796
722
-191
-918
261
-318
-72
407
52
832
-375
324
344
-753
-26
289
-488
707
472
-130
-899
-381
-586
-202
875
-412
164
-288
-197
37
-18
632
-9
-194
985
-54
-818
801
848
608
373
89
540
-656
-480
-314
-520
-136
-629
-238
-976
540
871
735
-363
-712
-910
17
-648
772
-175
697
-251
332
-365
-539
649
-889
-282
-477
691
377
22
75
-207
-965
-174
-154
-173
-24
-366
938
-525
221
27
-993
-414
-130
-128
-887
-36
494
939
228
-453
-485
-218
418
649
-796
-289
-723
-989
-189
-823
-252
-123
-102
-673
269
-523
867
344
-38
-719
-280
888
548
-570
-133
236
779
195
285
13
-916
-463
459
-676
23
424
124
0
487
16
-818
-641
-386
-602
508
-571
958
-489
-564
-594
-189
-523
437
946
-612
802
-306
22
160
884
-340
-489
652
988
-357
-132
304
-668
-325
-89
-404
479
896
-970
220
222
-769
-154
647
171
-421
50
211
662
-545
-537
-249
-908
646
530
-823
860
72
491
-225
-755
939
865
271
973
117
-412
885
-846
-637
-866
999
696
578
-751
426
797
-294
-515
-665
-337
813
-35
760
898
-44
-284
-554
-50
101
-645
-896
-650
-223
921
-662
-178
157
871
794
-448
600
-613
120
-797
421
-804
-178
936
-392
661
-843
-3
180
801
-256
638
855
249
901
928
-127
-566
905
51
946
-670
799
189
-692
971
138
513
-39
-483
608
522
233
-352
504
-637
-889
-519
688
935
887
-370
-502
585
453
-206
303
-439
142
-809
809
-118
703
206
-218
178
95
616
-903
841
274
-136
-393
-48
925
237
-780
667
-60
116
-913
-679
-113
-109
625
-124
-369
426
216
-756
-854
-414
-355
158
-518
347
958
723
-889
630
453
436
-565
162
-718
-333
-985
-671
-938
-628
626
303
-250
-997
51
-750
-926
516
981
-252
-691
325
-942
97
-445
-599
623
65
-106
-26
-30
-244
-364
818
707
426
485
-645
371
149
-289
-381
119
836
317
764
-831
-950
-349
-139
-335
230
869
805
-974
443
408
38
-132
583
757
177
-725
303
964
159
-613
181
558
766
-167
304
-708
27
221
746
-695
457
262
566
28
988
633
63
911
-816
-683
-113
-479
388
-621
588
958
203
-674
2
305
620
153
-276
11
36
-257
-258
261
-57
-822
546
872
81
-352
-469
-755
607
-132
816
-484
346
-750
-490
834
4
393
-511
873
499
-713
-580
956
788
-802
690
925
-64
-767
328
989
-797
-466
-534
44
23
-50
-813
525
31
627
-596
447
-747
23
660
-841
-811
777
-208
555
362
653
-945
845
-299
-809
-409
226
-777
-136
1
249
-72
589
479
-878
90
-334
766
-467
69
206
442
-256
-913
169
516
-748
-466
-447
989
-889
-283
-880
217
-244
-281
553
-984
341
-362
-998
389
-811
732
-361
-652
-351
-605
-272
941
242
583
-26
563
825
310
-1000
258
824
620
-24
-731
968
968
51
-407
-803
-688
605
872
165
182
643
851
331
902
724
-686
575
135
-1
-854
-401
907
154
-636
-280
779
939
-185
740
-371
602
-925
186
-331
460
172
873
828
-773
-690
421
233
48
469
-485
-52
797
529
-770
-53
-324
-626
-590
235
78
133
881
777
-864
-14
9
95
135
997
50
-277
-5
793
-216
578
830
-537
-199
-377
548
-737
-244
-892
-745
430
438
-515
-1000
-815
245
856
268
518
176
-142
382
-22
-919
-949
9
939
-160
902
553
553
254
355
-563
-867
-791
774
-906
228
-469
-530
522
443
11
450
-583
-158
-700
-579
-213
208
-209
653
352
333
410
-572
-627
664
-430
472
-86
-14
-411
-162
-497
-914
-640
351
-552
269
311
575
-469
-25
480
696
775
147
175
-196
303
-822
-176
30
-458
-891
604
389
-189
86
753
319
-175
-230
-456
306
261
242
-150
-687
221
391
566
-350
244
-552
95
-815
71
-122
726
-869
-995
86
341
469
-700
-17
-355
257
-173
-956
833
83
398
-145
618
674
902
28
-76
-22
-151
777
-694
-736
521
31
-209
843
-801
6
-226
1000
-870
-268
843
771
803
225
146
-60
326
822
-616
-466
693
928
881
7
799
-365
412
322
603
-1000
-991
967
-482
618
524
-458
-145
-408
-580
372
-339
805
-167
201
692
912
855
-36
-289
-366
-187
-788
-337
582
-642
158
782
816
422
-503
-640
-344
-340
-82
-366
408
241
-418
121
375
-713
-422
-497
858
-182
-283
-337
-108
101
178
433
795
745
-58
901
400
-442
-745
-732
-25
-484
631
534
-189
-526
678
-391
590
-703
-306
-157
324
-959
-287
403
396
241
443
-863
720
507
-603
959
728
-228
208
443
-147
398
841
-348
-955
14
295
509
941
-778
15
344
-395
-43
178
798
-757
-454
-718
169
5
-814
176
-744
-290
416
-608
713
-29
967
-37
522
-611
140
41
-747
-729
-376
463
975
-444
-959
-662
43
-41
-306
47
-517
40
-64
182
-461
-44
-355
286
390
407
108
608
132
124
816
220
374
-133
-617
684
594
463
-475
218
646
971
-325
96
677
269
-472
-876
-222
-419
-770
-939
729
-202
-99
-560
-738
186
461
-660
-159
70
53
-8
684
671
760
126
531
-431
745
566
-529
-149
338
21
-402
314
641
639
-256
-437
994
-916
939
206
416
740
-493
-307
-676
-267
-272
557
-990
92
480
-206
698
60
-703
873
-811
-847
-29
299
368
-457
-337
3
-618
-191
687
707
-412
-692
-926
961
-108
82
661
-982
-756
-319
516
-595
-246
637
898
457
277
-337
748
-569
-238
-313
-117
-729
-525
-151
717
-182
-264
928
-984
950
472
-690
942
786
236
-393
82
431
992
-547
-805
555
-612
-446
806
943
929
-785
-878
-853
802
106
-772
-147
-934
-777
84
532
507
477
521
880
-482
104
-608
201
-665
957
324
-966
-193
474
579
-460
-889
679
-105
-649
150
-756
-431
-775
783
849
-315
-785
-49
-15
880
373
-82
683
-187
-233
682
729
-93
623
-510
30
-274
-746
759
982
378
-940
-54
-325
-536
-850
-698
-908
-864
-218
-552
439
881
378
156
781
520
-390
-208
473
610
322
633
180
228
-569
864
64
171
-678
951
812
-312
-710
772
564
-417
-317
790
237
-927
449
976
35
-307
-16
486
133
973
639
-745
557
257
429
-308
735
959
-29
-167
-113
54
-525
-328
975
-727
-639
738
540
236
902
881
-445
-385
574
514
-752
933
860
-89
845
402
-392
-768
-534
224
-321
-663
492
363
816
489
595
-433
118
956
-807
128
-6
-302
-420
167
895
906
-616
-207
-531
-263
212
-563
990
510
145
517
-659
-296
892
423
-556
-761
884
-881
-6
-149
-643
708
-683
-472
-264
-845
-343
-994
-316
322
-744
-982
-420
207
-172
855
-516
761
-183
-334
-400
-551
486
-381
-298
-132
129
50
941
910
-312
518
774
618
-619
-659
-692
525
616
290
289
-858
234
104
961
645
-465
-351
462
912
815
526
-947
681
-989
-694
-37
772
354
583
-65
942
-320
351
277
595
-774
36
825
-860
671
-408
293
-104
-992
344
595
-447
-572
-882
374
-936
120
71
-60
-754
169
922
-297
-665
-617
388
419
439
-855
484
-650
423
-684
238
-926
615
508
23
101
538
263
-943
73
28
-2
-902
-33
-212
841
67
960
502
184
-374
62
821
229
-818
-383
380
-635
121
-393
866
513
172
770
-382
902
-942
-564
-758
-814
-639
-3
-696
-56
-406
-572
-630
-913
85
246
824
914
-818
248
942
-463
-847
966
-673
-892
-144
-84
720
-527
977
132
456
111
424
307
402
331
961
-83
261
560
-807
807
271
-14
576
-698
-583
-545
14
-538
303
-6
-787
462
724
-963
-763
266
-113
-502
390
405
-37
-894
534
582
-413
-575
-176
855
169
895
-824
258
832
-564
664
549
-953
-323
-859
-373
36
-398
373
775
673
326
610
656
865
316
580
-866
818
180
460
-943
-135
-47
-879
-273
-398
666
773
-867
-514
-473
-613
-533
-445
198
-210
494
832
58
616
-631
-952
592
-486
739
731
901
21
-603
638
-411
-977
-618
301
730
-795
593
557
832
-505
-545
520
-866
-11
-720
-870
908
304
312
554
968
509
-961
-727
-981
397
717
-31
945
350
916
-801
744
-615
-951
-828
-687
40
95
345
-694
-306
634
490
-705
810
652
347
90
158
630
-196
165
-603
-602
-848
953
960
668
382
396
-793
619
-502
218
-246
-318
-620
-894
-375
835
-548
701
21
852
-193
-618
-397
-540
-532
-655
-9
-534
-593
-725
-984
325
-135
-449
69
811
792
-4
832
720
109
-195
131
567
458
143
-335
59
629
497
-29
915
-311
756
-98
694
-632
544
-299
469
665
448
677
-956
337
690
-392
661
39
900
378
-235
332
586
-983
971
4
188
370
-570
951
238
79
40
-857
136
622
-306
783
778
-724
251
792
-275
808
867
-639
181
-610
-675
280
-806
-491
-431
-386
396
-395
966
-99
-451
-336
158
-888
425
-748
928
142
486
524
908
-374
-790
-519
377
331
500
-651
-468
-149
454
-772
315
630
-651
942
-284
-778
760
-610
617
-535
318
-726
42
-241
472
291
880
-108
78
-196
582
-911
-28
-539
842
944
-813
869
392
-607
-759
767
255
749
-118
103
935
783
-217
61
-24
304
717
-679
485
-949
-197
536
-639
-854
-792
450
532
-126
-248
-780
638
-898
696
-960
593
-619
-30
-762
234
-785
908
503
955
258
714
-177
296
-93
642
-728
-346
-88
-378
-82
462
580
-586
-556
-717
-954
-206
-602
666
75
784
-542
-910
-647
-498
883
764
562
-231
-431
405
-255
-378
227
754
936
-196
-45
-85
210
447
954
215
-125
-756
-131
459
-898
-725
877
-932
95
285
-696
-16
600
374
442
-594
230
384
469
658
-500
-608
-833
-637
482
477
837
-765
-567
-271
188
-286
-990
-844
-981
-933
763
-374
-628
-363
-170
573
706
-225
441
-14
-826
-206
701
-955
-154
-52
444
744
91
928
-445
164
214
-128
-690
-675
358
-792
197
-579
651
572
210
-653
-714
-75
-403
-418
336
909
-452
-643
-940
783
10
-198
-958
-978
220
-380
148
-759
-392
-769
-760
-379
796
-38
984
-425
167
754
969
-198
-69
875
259
-257
-721
-597
431
-989
-84
-662
806
-276
593
967
-512
-806
-270
290
486
617
166
80
-345
-795
757
643
-753
60
300
569
-356
946
-585
251
-378
-372
243
491
761
16
253
-317
139
-50
-397
413
379
668
286
-979
-919
-851
867
-145
-3
378
-190
-33
495
480
-640
70
369
-825
206
-229
-568
69
276
-634
500
-753
-403
-586
-246
-389
-849
882
916
956
-337
17
-354
-539
-675
-665
984
-703
-313
-251
608
126
834
327
-139
-374
-198
455
-239
781
483
-586
-823
-329
-252
568
-735
-873
-419
355
300
-249
-735
262
599
-182
-556
285
-139
-233
-996
-275
-454
-305
688
877
-761
-392
728
894
196
-747
679
917
193
463
-845
-90
358
452
163
-853
593
433
200
-299
965
81
-253
521
372
816
575
-204
-77
836
-884
-469
921
202
202
-602
290
-318
-889
233
411
129
-80
-585
277
-593
-555
626
-240
527
-51
653
260
-596
774
-648
590
530
995
-755
874
-872
886
669
875
-155
-889
-527
-257
-129
-469
-407
-116
808
833
-893
-384
-572
110
-534
-852
-529
-605
558
453
845
780
-380
135
562
12
-978
430
-90
-356
-334
-720
-934
-104
-475
311
524
405
838
342
317
675
388
-779
630
-850
732
-779
-159
785
-738
365
-343
445
-243
-574
-357
-737
994
-695
422
-919
289
-105
360
-34
317
113
768
-488
-669
-499
463
418
679
592
-389
-89
-679
966
346
-838
-349
791
-427
-681
-848
0
743
-254
-813
-223
-702
-274
326
-967
-212
751
735
367
-958
-316
-74
-525
-830
142
554
682
-963
268
626
-991
937
-157
-255
787
-290
-687
104
-416
612
647
-559
727
-592
214
-464
886
-634
830
-994
460
-566
-533
-959
-570
-476
-352
14
669
-274
102
626
747
-696
-541
488
990
-132
-918
-349
297
-27
648
631
990
-65
910
668
-845
-71
809
-763
-448
-147
746
28
-582
-186
-65
-197
-523
-530
363
762
655
471
-403
-558
-183
-997
-306
755
659
-610
-388
504
-367
-464
274
-376
494
-355
-928
322
814
27
409
289
333
-213
37
-912
990
374
-63
-175
-901
563
515
67
-736
-743
147
-888
-333
-388
-443
-309
-981
-879
351
361
672
-851
-734
941
10
-786
554
696
488
-7
235
-771
879
-587
982
680
-320
495
604
906
-435
-199
826
-20
-864
-280
-665
313
-927
959
-933
-616
-705
-616
-666
-160
934
854
-324
-597
-508
-680
-849
803
-706
-445
-878
-335
-28
-863
-110
-56
289
-428
-91
692
446
-755
-356
-46
450
844
274
-785
-598
278
401
813
391
686
16
-535
663
-536
609
-541
904
-361
-277
-241
78
-695
243
461
40
-342
736
-818
-826
87
455
95
-492
401
753
-932
-159
-358
472
726
-295
-60
309
-48
249
853
-426
-147
-555
973
-691
-323
337
-861
-32
-850
-266
915
-812
-900
376
919
443
-111
596
616
227
416
985
58
-168
-869
-283
-489
63
368
-522
-306
-264
-65
-984
-50
-280
300
290
789
772
38
-962
-879
406
-55
438
456
-692
125
428
43
311
637
157
287
-765
-264
947
19
-871
892
-703
-834
-615
-795
613
-452
-712
-668
812
-600
912
-927
468
730
610
-574
696
-486
764
-881
-380
999
250
-449
-557
240
-898
388
-732
138
-370
-799
-768
-352
20
-62
-447
-993
-237
-804
-531
-412
-481
-903
562
706
851
709
819
-342
-569
-694
-129
-956
390
22
546
-645
-933
439
-499
250
963
-112
-22
-340
-51
18
446
130
-188
835
-645
-200
-777
395
710
-719
633
784
560
-609
-49
791
-819
-329
-456
-653
-492
-750
598
-623
-133
113
-909
-536
-66
-624
-453
-180
468
62
688
-330
321
-900
10
911
476
603
771
797
-58
492
695
771
-142
631
-151
-189
-853
317
-464
234
-982
-117
603
37
-485
-880
339
2
-604
306
-298
-989
-703
599
-826
-23
-807
477
220
-347
968
-236
-179
755
-235
-417
-459
-913
-841
-200
-565
-83
801
-391
-394
-890
819
-389
-599
590
-147
857
-286
509
26
-378
-577
-833
-672
377
-575
736
427
-434
-138
143
560
-879
1000
-410
225
-320
0
774
-715
827
191
425
-489
424
635
607
-164
-290
-435
259
-873
-195
33
-658
-372
-633
-561
767
-424
-812
656
-396
-110
959
-119
-982
715
246
403
-695
80
-188
-897
432
259
-922
-56
734
-380
-550
585
571
-55
842
-537
-990
-130
554
-592
508
-178
712
-33
-727
116
-37
-906
829
573
857
-534
-389
-655
-631
163
-640
-655
-11
85
-75
801
42
309
-588
866
-73
658
-180
25
160
905
-202
990
413
-547
-60
636
-812
-267
-725
374
-222
-852
314
-216
-418
768
-644
-883
-192
452
881
-954
720
-994
518
195
942
303
318
-194
603
260
199
822
792
-724
-850
-780
-144
-177
-885
-909
421
626
128
150
859
-42
-192
-124
832
-139
421
-821
29
-711
706
-916
-214
-501
-8
649
-829
240
-791
-905
13
-199
323
551
-133
-118
938
-667
522
-475
-894
622
209
961
824
188
403
-490
788
-627
482
-779
972
853
412
-405
68
-888
569
-277
29
-671
458
-746
674
-733
-681
-691
-850
-654
137
-190
-153
-346
878
126
-774
456
798
-31
-880
659
-527
-61
-618
794
-375
888
578
658
432
-668
-738
-229
35
111
880
-278
392
979
360
-232
926
-951
527
907
-75
401
964
805
62
-396
686
235
225
228
-381
665
352
791
6
842
418
664
568
992
-930
-404
-610
-607
-657
877
587
42
-836
451
384
358
7
195
-318
460
329
-959
-432
-93
22
-875
-816
-949
516
-702
-860
696
418
-237
268
589
-239
-45
-187
922
152
910
471
-727
725
700
527
118
-795
-409
336
-278
242
949
135
885
-713
-341
882
-828
2
997
176
-373
731
510
-231
-237
607
712
-363
641
413
-240
-716
221
-113
-170
-111
-308
-856
429
-683
314
-472
73
61
-710
744
753
-954
-737
131
468
967
-133
-286
-907
8
-550
-610
-864
112
-938
-106
-106
219
130
-80
-18
-700
-470
-300
-57
693
-714
-161
-182
580
898
259
-747
271
-378
224
72
-328
916
-635
-75
154
-254
-813
961
481
-288
431
-438
-669
540
-277
-893
235
996
-244
575
-571
-152
663
746
777
-1
105
181
-964
600
249
603
608
932
-527
-619
995
666
-891
322
945
243
-394
131
-687
685
157
488
287
806
-917
139
674
280
573
-18
-763
-170
974
237
427
-739
81
-106
337
-384
65
-738
-452
59
-659
173
-75
216
-159
-461
937
-67
282
634
335
631
-541
-27
-794
356
893
-721
-978
-935
-778
-105
-735
-77
-522
-940
-825
934
-292
363
138
-407
71
639
-591
-993
-333
-285
-994
-58
-750
-349
561
-204
966
120
-55
-930
-421
-420
-406
428
-752
-740
-765
117
-229
-315
-5
871
-667
-839
209
500
-649
-297
-336
505
-113
-574
-453
371
826
938
-17
-904
246
58
431
680
-254
-480
881
-242
867
218
-306
964
680
-644
84
-479
-214
-199
-752
513
-654
-110
-625
160
886
-611
152
28
-354
-79
137
465
-534
-78
-785
471
-893
-380
-141
-910
-491
-644
-712
-971
992
753
815
887
639
898
-675
69
566
-558
-461
985
-18
-492
695
959
224
877
512
712
-403
250
-403
-730
894
959
-63
-507
-90
-591
-582
-799
-506
-529
823
-638
-544
-451
-100
622
199
618
-826
-32
-858
-351
-60
-21
854
-751
-133
-233
-568
-475
39
-848
-525
-322
-546
-791
216
46
-970
702
-131
825
-741
-866
123
182
-268
168
559
-836
-511
432
339
-132
-959
-202
180
-728
-329
396
494
-40
-522
468
984
451
-168
600
170
-862
-73
-926
25
515
-228
139
-735
-964
779
-146
-983
-412
928
410
-995
330
359
-669
643
-117
-397
-905
-216
777
-972
-452
-89
-997
-943
187
27
961
-582
575
-92
241
-836
508
-249
719
774
-236
785
165
-523
213
-131
-445
997
743
842
-141
572
533
-462
476
272
-455
350
744
301
157
-818
-103
864
587
-963
-79
-455
293
-962
-106
752
-617
-171
-847
285
812
-725
605
474
542
-244
-130
-547
-357
87
111
-758
321
-341
-273
-950
-885
497
77
-131
263
-901
12
834
-925
464
586
915
858
-122
-385
824
385
537
60
-699
246
-799
466
-412
-183
692
577
755
-673
-73
977
-249
-260
812
487
733
-738
141
-849
-221
591
-533