-395
-454
-525
-884
806
-341
815
-303
527
708
-938
-971
845
353
980
-435
527
-538
-688
-466
-809
780
-666
480
315
387
-446
-1000
382
-305
-334
174
-885
-390
-292
-530
-534
358
812
-286
-45
132
-582
537
338
694
263
857
-400
666
570
-339
-462
-595
-264
138
404
268
-741
649
-150
413
821
302
793
966
40
872
-305
214
720
488
969
-672
-236
-731
621
-376
339
579
946
-336
-932
-909
-214
45
-442
-465
-787
-552
-334
-217
-463
94
-928
-367
673
-879
-412
-726
-712
-980
-759
178
-28
-257
656
-313
-773
-704
129
233
-772
507
249
957
-886
878
-666
691
-387
95
739
616
-690
-261
663
-493
-478
-90
-305
-271
281
998
-758
123
95
-377
-609
-858
-285
-952
-12
-636
-528
-916
189
-43
-694
-319
-491
-225
-978
649
909
555
298
-152
-131
361
-26
130
-897
768
-120
522
552
-78
-896
-732
171
224
168
416
936
390
783
647
156
773
558
909
-158
555
-88
-913
-14
574
-221
216
-956
-464
-273
-215
-551
-161
914
883
693
-454
-220
-609
-575
735
-849
591
387
-173
-406
-527
118
988
-968
798
-230
-352
814
637
981
471
-278
-124
-999
-491
-792
857
993
-23
-88
-1
-541
-324
-661
887
442
741
-961
-654
-835
-850
166
-124
608
-93
884
-445
821
-616
633
-286
646
-44
-516
71
373
901
294
-151
697
176
314
957
-46
-219
34
760
-897
-529
-874
822
875
730
-789
382
-545
308
475
658
232
-645
-202
125
394
319
489
948
139
-769
-616
-542
-268
-201
-950
391
74
-48
-367
108
837
-726
-606
-525
-605
276
-358
-432
-133
537
756
551
539
-465
-679
-2
-377
-316
-350
81
-102
760
497
39
-531
-990
-230
-804
-330
106
404
-226
-662
-722
-705
146
757
-660
-725
284
361
-238
169
879
-606
381
560
-153
1000
-363
317
-759
-602
-169
885
874
-906
745
444
-132
5
-539
-246
491
757
-111
-555
-761
-332
-53
-643
44
-832
669
-103
-227
591
589
916
-859
-691
948
941
520
-957
837
-585
-282
-692
-65
-479
-956
-288
-296
170
579
165
-52
-820
-284
-699
985
205
118
-227
-382
-572
603
-299
-908
384
-726
-317
-391
-973
90
442
-920
525
-311
-466
52
-955
-88
169
-223
-26
210
-678
587
-301
567
-687
67
-473
-982
57
20
258
-223
743
-553
685
966
-955
916
-842
41
562
787
611
-959
-227
-229
-908
-416
471
579
325
-475
-642
-212
963
-520
290
653
-200
-669
983
835
-562
94
-887
-45
-301
-316
-170
-351
-75
193
-502
-806
38
-88
903
-25
-926
-618
916
-756
-591
-178
181
-606
-133
258
229
-740
429
-951
-14
-735
986
987
8
-191
104
-704
-1
-311
-866
-217
-837
-517
-398
-870
-164
565
518
221
706
43
733
-687
42
-850
338
342
-462
312
76
-952
-580
552
722
-154
-371
515
278
962
-96
-533
709
916
221
767
-748
102
651
266
292
-1
673
-170
-502
-403
-546
151
773
902
-887
938
-52
568
659
-245
830
123
523
-233
414
296
384
193
908
-362
-47
578
-634
-409
-321
439
-218
549
898
750
-17
-10
549
-514
-558
931
726
268
341
390
-559
298
-283
989
-504
984
-2
-602
363
816
81
667
722
-111
690
459
-117
939
510
-609
-415
-48
-578
-860
763
298
80
-484
890
721
897
-862
-892
-870
884
-371
712
966
-499
755
933
-670
116
-648
-424
872
-453
922
-849
533
281
-215
785
-849
719
-269
-282
161
-773
761
494
-435
-132
572
317
153
-919
-749
873
-760
-129
202
-825
725
-29
-956
-339
-731
959
826
-398
25
-497
-196
595
-702
-977
829
888
-969
-430
177
-608
-135
368
186
-13
964
956
886
80
-978
-426
819
-743
-135
-159
327
-998
116
715
769
-160
277
-439
800
932
409
675
-619
-435
51
-211
-627
-714
703
-449
-524
185
-256
467
-291
585
-822
-246
-54
995
501
-859
975
600
399
-33
452
232
-37
-179
863
925
532
348
-910
-455
410
981
-14
954
-925
-175
-811
741
577
-790
-71
-521
511
29
-629
-76
-560
-402
-960
-226
307
428
734
-497
-377
967
-615
921
-478
-733
758
336
853
50
-755
-15
-593
-991
-376
199
23
247
605
367
151
-663
289
907
111
999
244
-776
379
988
497
-919
-781
920
521
-802
-104
-629
793
250
903
392
-268
-105
-815
954
-287
373
303
-743
-742
-320
-593
102
-786
932
-964
900
388
-51
548
57
829
57
-631
572
788
-867
-171
328
564
105
-939
256
811
147
847
-436
-184
-862
510
-436
576
-25
261
-606
-672
401
411
-834
471
-180
-797
671
-986
771
722
587
103
29
700
625
341
952
-608
-218
738
626
-291
696
-293
484
339
968
-924
-170
137
551
917
-623
623
-411
746
363
-28
71
-136
-169
336
947
-809
-545
674
-676
-854
226
941
-924
703
525
644
992
-153
136
167
-776
174
-590
123
517
554
-568
-366
235
790
584
-449
-519
102
-918
239
-622
-951
-546
655
-937
-267
-47
-772
-310
-205
-646
-718
-790
132
-267
627
491
64
-99
-138
-381
-636
34
209
-563
127
763
977
-241
-974
668
125
181
207
521
-443
861
-497
-125
961
-365
-372
-24
346
927
858
624
-859
240
-548
-390
-657
-247
-615
-131
668
-709
-927
731
-295
-980
213
996
-871
-522
-174
773
-261
-566
394
-633
-624
558
-700
18
-683
974
990
468
948
830
-336
-857
-492
385
-88
379
518
254
378
418
-718
972
530
-324
-551
-420
868
368
-431
-670
17
-108
-91
579
-356
-473
-749
-313
-761
627
554
754
611
20
-389
619
127
-492
895
598
-914
233
371
746
556
794
448
116
-757
745
971
-874
511
-578
792
91
932
-56
-228
311
-926
250
535
446
537
782
824
-504
-31
487
-141
512
777
694
-25
812
250
-276
-355
386
132
637
392
987
72
730
-811
706
339
102
118
-74
-170
374
970
469
-398
636
-470
-158
112
-298
659
27
787
536
961
852
91
969
994
742
-915
-60
-413
-737
-318
491
-47
14
884
391
-234
103
-482
-44
-612
29
-323
869
476
-525
466
-75
997
-78
84
-939
-756
118
-18
-754
462
-722
-404
-763
987
279
965
307
-425
321
787
786
-852
-120
-810
-199
-631
-931
-273
490
617
982
-988
785
-120
427
-21
470
-308
-600
149
724
106
499
823
55
-176
398
153
760
-643
-965
-309
-110
-5
-835
487
-468
-646
-852
-167
76
10
-997
239
355
413
230
-290
514
-916
-226
-64
1
103
-183
-780
-962
-512
-90
-21
278
-527
706
358
705
752
-531
157
-151
-533
-678
-579
960
-53
-165
361
-843
911
-173
-683
-724
734
-96
-586
-894
703
925
-141
-722
579
629
-146
491
-416
534
-737
563
154
683
383
-588
376
66
-393
79
661
-132
-763
-406
-325
55
863
-51
602
668
227
865
80
663
-466
820
-213
-461
796
-583
551
834
401
547
-16
984
330
-39
695
797
301
-960
-202
428
-138
372
-231
-186
-821
232
-157
635
539
-524
664
914
75
808
-534
397
839
333
310
432
915
-970
266
753
776
962
-882
878
310
-970
-854
488
-190
-402
562
86
612
674
220
468
148
262
229
-856
-724
-449
-921
498
248
690
643
-147
-732
-389
409
-166
-408
-321
-917
111
-294
-187
-15
354
178
-662
-87
-545
-455
719
-336
-839
-693
878
-891
-695
811
29
-67
-516
-773
-159
957
830
953
820
-727
-641
-149
894
825
574
95
-712
-350
9
-822
-702
677
-369
-692
-796
830
-924
-883
-880
-236
37
-533
38
799
-660
839
927
819
-177
-622
25
973
-232
685
324
932
-99
545
-30
782
-442
-933
-16
967
119
-279
298
34
-542
-855
831
-577
-617
262
775
-104
-760
729
551
282
-132
844
792
-670
309
3
-258
558
-931
-925
473
-730
-918
-637
549
320
-470
196
-923
-207
-428
247
-439
558
-679
616
756
385
-833
770
854
18
166
-922
126
566
827
-463
-212
-624
617
487
-714
857
-590
8
-465
-353
792
-162
318
235
-692
827
810
-209
89
154
-326
-455
939
-147
-543
259
971
-974
97
297
-164
79
-962
435
-104
-634
417
51
300
5
-552
994
370
121
341
-285
765
465
-914
319
-928
-991
-313
483
873
-616
637
261
-853
-128
-236
-285
708
-230
-488
710
205
467
-415
272
421
-423
280
149
-97
-773
791
938
-915
-292
613
-116
55
-476
667
193
-235
-48
-818
-606
514
426
-124
-805
-906
32
-1000
-349
-719
-983
-599
-158
-937
369
-806
405
-992
21
418
-391
773
63
447
-598
-972
-402
-388
210
634
40
774
880
720
-558
255
716
-108
970
81
899
553
-999
-637
-546
427
929
-43
-429
105
505
-88
289
-489
-833
-285
697
38
-541
430
436
699
-771
64
-979
25
-12
-576
-494
-589
575
-86
-91
-421
-719
925
661
697
429
-562
521
-227
436
110
479
-722
403
-932
830
-48
758
-716
-641
-986
588
-373
-928
-247
245
1000
-167
714
621
-880
-569
-984
-965
-706
974
813
-376
-680
930
-324
-198
46
-211
-141
-590
-32
988
-949
749
466
-906
636
58
807
-9
2
-952
624
-229
629
-404
121
551
254
-250
-377
297
-657
-204
-741
-467
195
764
-48
-771
149
201
12
294
-465
-152
-232
719
79
920
183
575
237
-631
394
-408
194
-517
728
950
-383
-614
-398
333
-199
-350
256
115
905
-308
-273
-954
187
881
-484
-151
-884
902
-808
-960
450
-281
-999
218
915
-592
375
-145
238
806
307
398
-530
-454
-743
708
-994
495
-936
-1000
-173
-797
-195
-998
-375
-783
-184
-494
871
-323
392
-996
-734
393
366
-647
-561
-916
180
-231
-944
-695
717
-728
-896
-475
890
304
491
386
37
-158
-209
363
782
422
564
267
-647
3
-586
459
-769
-266
131
550
-94
545
-930
-569
729
336
99
281
283
-174
912
-82
718
-955
-789
-132
182
864
-942
132
-620
126
-571
-226
-498
134
141
42
4
481
-247
916
437
-854
-336
784
-326
-907
-322
-283
-62
304
239
-401
377
-102
933
-809
-395
919
581
-954
119
-444
-288
-59
274
45
-537
227
960
-511
339
-848
155
287
-716
227
873
-45
-420
340
882
734
372
-303
370
612
283
487
-379
-683
203
-634
-668
-50
84
-849
-353
533
657
102
-640
257
-662
-832
-508
-981
161
19
-735
831
-544
-225
153
581
-508
-491
12
864
63
79
371
-560
666
592
-63
646
529
901
-969
60
-283
-862
878
250
709
-730
-161
-148
968
549
860
653
644
102
501
-720
641
768
-191
-655
-550
679
615
-957
173
-591
387
909
-243
-467
9
920
-304
539
48
52
127
111
-474
598
-305
127
437
262
-799
-305
-983
-670
285
355
-303
369
925
818
20
-882
-468
-577
63
61
870
197
-442
-441
-990
358
272
-723
19
117
783
338
777
842
-726
-266
289
-247
-849
-476
-891
122
-596
-918
-684
213
898
-227
696
102
-861
302
33
59
8
404
975
253
213
272
711
-305
-450
-350
-80
-752
-116
846
933
571
305
123
-682
545
604
-873
-318
692
542
-220
-807
91
-92
-954
-766
186
824
-654
655
-417
128
-288
-693
-770
464
426
-643
-903
-554
158
-628
510
-583
-89
-171
926
760
762
682
-104
-889
-408
-43
711
925
-172
327
-788
36
-345
-609
81
984
-382
741
302
-135
189
-813
-852
-445
-20
-576
878
-61
264
189
464
206
200
537
277
-707
-691
20
43
415
-383
-174
-343
802
-224
-209
51
683
713
936
734
-419
852
908
-781
594
-949
481
824
899
-534
231
812
-102
272
-979
583
-347
81
-495
117
26
969
782
384
244
52
536
-817
435
-916
-718
910
-908
277
228
925
90
482
252
287
91
362
643
882
-712
-409
652
296
-786
744
-752
-61
-947
-307
516
580
-425
500
-925
349
-822
-413
253
345
-162
250
874
-330
165
-600
-874
648
447
879
133
420
465
-520
-898
-559
757
-479
-588
-592
-528
-934
-480
636
404
623
-919
470
-467
447
-744
44
-139
-351
145
757
-391
800
-211
-34
-780
-636
980
486
-55
837
28
952
-19
608
-883
762
-796
-597
-678
40
-430
323
587
-637
252
-358
-890
602
-605
513
86
381
-462
546
404
259
164
-823
-725
322
-265
151
528
855
163
450
32
-816
904
-313
429
979
-123
-974
-996
169
740
-554
891
-75
-440
516
-819
428
-493
-999
87
-780
356
623
-999
-814
-807
-290
254
88
-885
621
-501
39
257
522
-46
-343
245
-692
-665
587
363
-276
-832
292
-286
-184
83
-554
384
-350
572
-397
636
-987
-499
50
-882
-473
570
594
144
-763
-259
-936
-979
280
-427
858
728
158
-102
-416
812
-639
210
874
233
612
380
-295
498
-58
-662
-880
-875
768
328
988
-254
-112
-531
-558
-633
400
580
-307
-199
-53
863
559
345
121
772
867
217
-911
-857
-160
-635
-597
-356
962
-553
-59
438
835
226
-60
667
25
126
-119
222
-139
833
506
192
606
120
818
809
-140
-778
93
422
-307
-181
669
-578
70
667
-959
803
903
699
688
653
-755
-712
162
26
-357
-917
652
-631
-750
-330
-318
-352
-449
665
398
-596
-638
-876
207
414
616
-692
-702
829
586
205
799
-761
-327
-488
-241
-867
579
651
-77
810
968
18
978
-400
-438
386
-407
-431
113
566
661
-863
-566
-584
346
307
234
232
946
-19
-844
380
-259
936
40
-925
180
241
-376
-193
-270
385
-926
190
-82
8
844
466
-605
728
-713
78
-534
-723
-378
-253
-750
-29
-882
-817
837
350
-307
282
390
-844
952
71
887
-889
-437
-66
625
-234
-210
-12
521
-703
-131
-331
-341
-261
-200
-106
-129
-744
163
-461
637
89
-453
410
-330
-86
-722
-63
-211
453
-998
586
-937
693
393
-52
102
-628
847
643
-777
50
382
106
-686
592
-79
-218
-413
454
-681
604
505
777
851
-321
370
33
337
659
-898
734
-743
-836
-178
68
-258
52
-315
330
965
840
320
546
-287
955
-509
-761
81
886
-645
-632
-395
-803
-867
-519
-906
457
-36
-763
-746
-490
-258
354
984
436
668
-529
474
846
812
-54
-147
-907
240
821
963
171
-185
-48
785
-798
-265
586
-611
-860
-204
-897
-197
531
688
-727
-74
-692
-345
998
-725
-571
-463
-252
900
776
740
-495
699
-540
466
468
-418
618
636
-501
-958
-941
797
-165
83
176
-489
744
118
337
326
-366
-550
361
-642
690
-847
-893
661
666
719
-208
-608
369
139
-530
-26
-684
-331
-796
-590
658
374
-670
658
91
48
802
-584
-623
-993
477
-414
735
226
-38
514
621
340
-197
621
673
-345
605
934
-711
327
-375
-465
329
-192
-411
-374
-352
207
527
67
262
514
-942
-706
371
887
-83
-855
-530
-441
-818
410
-159
795
943
447
470
586
602
-491
838
-988
-436
227
347
478
-208
992
-302
-330
235
688
-805
281
-477
783
141
-607
-989
-972
435
176
724
-351
-160
-79
10
407
908
-906
200
-162
-548
178
680
-290
581
613
-715
-537
-815
-737
811
-867
24
1000
78
815
848
-111
-934
517
-132
-417
-710
-823
80
-661
-967
-34
113
939
15
580
-901
586
860
-886
643
76
363
478
666
25
731
-982
781
150
769
491
29
-538
305
224
-713
606
470
-128
334
-291
-217
-95
-873
-294
-669
652
-271
-37
463
-568
668
435
-241
174
-215
145
-329
-70
-637
-849
-42
243
148
593
647
783
-94
10
258
-808
868
889
544
860
321
-124
256
391
-429
-608
-491
617
-638
663
-573
513
-868
326
-665
970
-212
747
38
230
371
-107
-791
-340
981
-415
-718
-671
938
662
-833
27
-859
198
427
128
520
787
793
563
420
120
-578
747
504
525
-173
705
651
768
714
-799
558
86
-440
-766
762
176
377
-749
270
704
566
687
149
305
33
724
575
240
-650
552
122
-487
-181
277
6
-233
352
-735
734
435
-923
-35
780
-824
-254
919
759
-858
-338
-697
191
-779
-483
571
184
622
574
-70
-415
-484
619
470
-495
444
487
641
-858
-750
-244
-789
117
40
-778
75
-730
57
-15
-393
-830
753
-496
-987
886
862
-290
-243
101
-274
237
493
964
819
-275
-677
460
334
-586
-267
-549
-634
621
-979
-998
-334
368
-415
-30
889
905
-380
-631
-572
785
313
-528
-948
400
364
493
734
466
553
758
222
-624
674
194
466
390
-180
-725
-52
974
-58
-355
892
232
-405
-722
-993
-70
135
-402
-518
394
497
680
44
986
272
-36
-787
90
-695
767
69
277
947
-377
919
365
-498
-717
598
-758
591
-663
645
643
804
642
-684
-47
665
127
717
281
-278
814
-25
-500
-391
-97
416
-37
-606
-161
710
-462
-118
-813
115
-862
935
-414
859
-641
467
972
-70
-785
-74
-275
142
-105
833
916
-207
-405
212
346
-716
-21
633
936
134
-732
890
-52
-351
-135
-651
-206
-276
-611
286
-358
200
79
-606
-396
-297
-711
-189
604
55
-208
939
435
-30
-256
-448
649
994
329
-176
-608
-173
-419
-240
-962
966
-103
806
447
-280
-54
-162
-578
-296
-283
460
337
-870
-114
279
-602
901
-688
-965
466
-451
358
-981
230
908
-877
568
569
-977
-755
814
494
501
-823
404
-518
-317
-43
367
-705
545
-960
-431
-928
798
501
-99
-402
-726
-388
935
122
-351
521
704
-25
495
-878
430
340
-603
-591
-856
926
904
-288
83
-27
98
-184
909
215
-943
785
-518
-824
-380
994
-73
-399
499
-885
60
-345
-648
358
-997
475
-127
49
279
-312
980
-325
110
-379
163
-100
-269
459
250
628
508
-128
689
-940
-747
924
-524
-69
838
375
78
-399
-800
-369
335
-97
-360
934
-38
-636
-27
-883
-34
220
-270
305
169
423
-441
856
-993
-654
157
128
251
50
89
16
-555
-3
592
-611
-786
531
17
89
-376
696
-808
-352
48
-734
-872
268
438
85
-560
860
694
812
622
-527
876
-113
740
-133
-603
455
420
-500
32
-183
-428
-552
-201
352
-314
-269
454
-120
505
419
-854
981
270
745
-223
918
-691
557
563
-766
-280
-332
-203
101
-420
-994
-751
615
-659
169
878
727
660
-114
-766
-592
-414
-462
516
406
328
215
-204
339
59
-102
-110
297
101
875
89
24
-424
-101
177
-21
-521
-12
-33
573
18
570
-497
-710
752
-682
482
879
-395
-433
-405
855
70
627
566
424
596
509
-931
409
-41
165
-121
-758
973
935
401
112
799
-917
831
-721
963
-198
-244
-253
350
-448
973
-527
333
894
-763
-307
978
960
-12
114
-237
834
-604
520
-509
-382
834
404
-612
-930
-898
954
-63
434
572
172
-506
7
317
-503
964
55
-195
-278
611
-747
795
-724
491
-662
-378
-135
847
535
-29
-120
632
815
-861
329
131
-380
390
430
87
267
48
-459
338
-316
992
-938
-120
-266
-308
-752
555
-713
-332
453
562
-385
31
-106
-100
164
-789
-24
527
789
-228
474
-377
-677
-15
370
489
-406
-433
939
454
-755
989
113
-911
319
-606
-385
91
745
607
-86
2
-209
30
505
-830
352
-256
293
-569
-263
235
-292
758
-56
-349
-121
84
531
-113
747
-572
755
-229
-777
-717
-243
-405
-253
832
491
24
217
656
898
-597
-252
715
439
-687
878
931
463
-841
-9
-324
477
-240
-818
55
-369
620
-265
-679
-837
837
-948
-380
-537
-797
226
-655
-725
384
268
-617
-231
979
-413
-268
-977
55
885
773
509
180
575
20
-152
-438
528
788
357
-496
510
852
509
-689
419
536
682
-316
-930
-693
-944
-214
-125
-474
39
814
858
446
-759
-916
-319
851
-330
-757
-18
467
965
-988
19
-648
533
622
-38
-55
917
-755
736
-966
250
-913
879
127
780
-965
-120
-552
-365
509
-179
-698
774
-959
-976
-933
624
-560
423
-776
-962
-554
-160
-928
-143
39
-785
-989
736
957
-732
411
669
-788
659
812
-609
-66
993
-707
-578
74
-522
190
467
-725
3
986
608
964
89
-118
123
554
693
941
483
-818
529
552
-854
890
245
264
-214
408
-111
-795
-187
556
-379
102
883
-478
340
-828
-757
399
816
323
332
217
-189
635
-465
-109
255
327
998
-823
830
353
977
-325
700
144
-162
702
-397
-752
-658
100
-278
-666
537
-924
27
-823
-132
146
-926
-484
-71
-796
-496
34
-638
701
932
664
-167
0
875
915
-330
250
74
-573
-638
-185
39
323
825
293
677
512
878
816
766
206
-425
619
489
-554
412
-406
651
-261
342
-109
-865
272
23
-429
807
-648
520
915
-293
594
602
797
619
-510
-868
-193
-747
-706
-686
417
-457
-891
348
-503
-504
-558
666
8
501
998
72
208
-173
-583
519
605
-449
-791
-460
691
-553
691
-547
-217
41
897
675
-788
-630
37
615
-833
640
-791
-879
-782
-40
-453
-869
-113
869
-103
682
782
22
-602
-301
841
-132
883
-276
648
100
-140
-400
-637
8
50
250
794
105
469
859
-476
-879
-940
519
250
-928
-346
-813
803
-617
-57
655
-458
-439
297
-50
117
727
-643
730
-198
123
437
239
-923
-960
-526
830
855
676
279
374
-219
516
-948
-111
-320
499
999
184
-175
600
-922
232
587
998
-431
152
743
-476
-454
-750
166
614
-625
-517
-398
109
374
-171
105
-587
233
819
276
136
-397
622
-825
847
-339
-408
-205
-360
-7
-899
-73
918
-695
-983
-703
-855
678
966
759
40
384
-92
706
-612
217
99
-273
33
807
-874
-651
230
-769
-631
-420
-923
-151
630
962
-745
-770
356
442
639
-885
919
545
-410
658
618
-53
-80
899
32
163
-95
-914
261
-981
846
-482
-534
-123
-66
-61
707
-661
-824
849
9
-762
-446
589
450
-101
-507
157
329
-202
793
51
-88
790
246
-908
-762
463
876
863
-7
451
-965
-424
835
-531
380
-97
-983
203
604
195
-169
-537
506
854
85
-740
442
-504
-235
488
-208
-123