-643
239
513
53
-296
-413
-312
877
-591
-79
-969
446
-527
-869
723
-443
-46
155
-827
-784
174
-669
138
554
677
-876
251
-359
-822
572
-356
-653
-739
-703
449
969
644
176
609
787
-267
621
-157
-607
-282
79
-660
-239
428
-316
415
243
-135
-981
-707
253
913
612
-516
-316
451
315
54
-6
113
-727
883
-588
-391
644
703
-25
502
402
-560
-105
354
804
-582
826
-277
-570
864
303
540
101
-105
-306
25
-95
959
361
-243
-136
-526
485
280
431
-642
145
-459
622
-131
-997
-329
-922
-848
-678
294
193
-538
241
509
-463
171
-693
-217
134
-557
17
-415
924
-740
-252
-234
-667
-689
-982
-138
-331
826
371
853
-452
93
-589
360
680
598
-725
223
-327
526
617
702
-441
-99
-126
-365
-735
128
-506
-306
-971
-962
774
-181
617
-925
277
-866
-118
-595
-444
-523
-858
793
-724
-473
703
316
-412
486
464
-54
212
-385
-531
-450
630
31
-48
725
-425
786
-210
963
-593
-664
347
950
610
311
-510
-122
-267
652
662
-718
469
-737
-384
699
-766
-447
-391
323
384
-169
274
-674
848
220
-852
-542
317
-899
-265
962
-216
-435
352
-24
-710
-210
12
667
997
-409
155
981
-855
-101
-605
858
-194
18
-426
-1000
594
501
-500
18
762
885
481
536
330
-359
-939
-917
560
-388
20
331
1
257
875
-278
-869
-752
-377
433
-847
-638
-598
787
-471
483
-486
-391
-443
302
-951
22
374
165
185
-266
-739
537
-158
-708
658
-802
374
-22
-743
-286
-632
-179
-131
-848
-66
-339
-735
-93
712
-846
527
-204
736
140
-154
403
-3
-118
125
-857
-847
545
-103
-522
-529
-601
731
-370
52
595
959
-791
228
33
-327
-306
-569
-817
-13
721
-947
102
307
-357
992
-547
182
39
-599
962
-501
-302
786
379
-59
-188
635
985
-471
54
539
393
785
-906
740
-88
631
-432
-112
-205
328
-449
654
-386
291
-848
894
186
-689
936
-646
-563
69
209
-8
344
-352
-380
-29
-372
535
542
721
313
-793
-82
-216
311
162
573
645
797
-316
-296
-536
512
640
-278
-50
820
-664
-229
-461
-833
-506
658
-688
949
-631
-996
-830
98
-599
17
559
76
-254
-965
942
85
827
-664
-233
718
-347
-84
-779
-362
-486
-502
177
-999
625
-612
-907
416
945
34
-258
50
-809
335
956
726
-124
-719
-575
830
-638
403
-855
-56
-262
-271
288
702
614
364
122
-80
172
608
-597
326
268
-382
478
49
834
-783
-654
691
-705
783
-911
-106
990
-519
-849
932
-99
-780
-128
989
-332
708
126
-934
-721
-720
647
36
-191
-794
-828
848
187
-138
-442
797
-437
-524
-613
926
-255
142
443
721
-652
835
-127
67
950
-466
-316
50
-493
-209
126
-468
-548
141
-798
-183
-643
-963
166
-784
-326
420
-686
-18
364
-449
882
253
666
-375
-519
744
680
-89
-642
-257
-353
-493
-720
910
-348
-219
594
895
318
972
477
680
898
336
-604
-138
-239
-995
-526
-190
-671
904
489
837
295
333
820
979
539
887
617
-109
383
-725
-245
-182
-896
-547
-773
565
-401
-813
92
102
-815
519
-852
-127
597
597
321
465
833
-803
127
-234
-473
202
-904
99
279
-85
37
-897
332
-930
-743
-288
322
-75
204
-782
-17
644
-507
808
672
821
179
396
642
520
550
-946
731
139
845
908
-578
-837
-256
-154
-965
63
-518
738
927
-354
13
-282
510
-633
639
849
614
4
-10
-898
-970
-621
-957
-28
216
-51
891
620
-417
562
-172
727
435
180
755
-240
665
485
37
-492
-877
70
-888
846
-342
-894
782
294
627
556
676
-530
-333
-928
392
560
755
-656
-429
-947
80
976
852
-363
739
551
-702
941
228
-506
188
225
-58
-704
-627
42
317
-745
-723
-407
437
581
105
-71
579
516
-528
886
-314
-830
-237
-25
288
-405
121
309
-177
-435
-709
-243
481
-757
-465
284
988
436
-346
404
674
-722
618
-618
31
-842
906
-593
-791
234
20
-897
-38
224
-482
783
-149
152
-302
637
650
-911
74
713
86
-232
-143
291
745
767
904
-268
303
937
-418
-247
12
-416
-822
492
-115
657
633
335
-569
21
-453
-812
463
770
-319
-97
430
-690
-395
478
-347
-999
-767
977
-45
-32
-282
760
-233
-119
-304
469
923
-615
-818
492
577
-355
-331
813
980
173
-945
-617
232
-264
821
-323
-890
207
278
-931
-824
8
986
-309
-81
106
-518
-838
-805
43
739
-9
-329
482
-211
657
588
757
456
-140
328
-867
-743
801
135
-767
-197
-883
-204
-476
195
736
-661
633
-733
-455
476
9
-150
487
-78
110
547
974
191
-670
-513
401
535
-129
39
-408
180
-528
-369
544
-87
-163
7
318
999
-852
-111
443
66
791
177
-375
396
599
-749
-774
19
-798
334
-405
-295
-810
-846
-214
-466
-280
-37
-500
842
-438
229
388
111
-10
349
146
-545
-455
-492
-807
816
699
807
859
-470
-278
-498
390
-25
632
118
-476
-208
-306
-54
894
968
1000
-695
-818
128
573
-43
871
909
-593
10
667
-817
-148
140
389
-832
-357
449
-251
786
763
498
327
383
644
-809
-467
-523
-320
-604
-725
747
-993
-448
-121
13
935
-334
-673
-593
-469
901
379
-912
-188
707
-855
-924
-503
-274
-131
821
924
123
941
748
-862
-679
881
-691
441
-875
733
831
-643
10
-945
-584
-51
214
484
80
580
48
-818
79
-54
-855
-658
-550
-340
-570
-946
-554
877
752
-569
285
541
-778
-926
-468
492
682
431
773
-125
-729
211
637
602
399
742
-634
-450
371
-850
-734
-753
741
762
-995
201
-138
426
79
548
336
558
-78
-488
817
30
-355
-486
900
-120
-755
-267
-399
-366
923
-720
-475
546
641
883
-419
-744
916
-416
-696
104
-764
-431
89
64
404
-579
-144
-213
-826
449
-162
343
978
84
133
-31
86
394
132
-255
-627
923
-194
637
326
-339
487
728
-643
-626
679
-778
471
-76
396
653
45
940
-886
-971
-31
-631
455
-770
-341
241
-101
277
290
150
-447
-816
675
312
-618
186
332
-300
518
998
190
-22
-412
789
457
-17
18
-259
-106
-538
622
746
-350
-393
744
-3
-396
-741
-230
-984
-292
950
928
719
-201
56
271
429
72
57
-11
-11
-98
871
773
-596
634
-134
-136
262
-212
-570
117
984
85
656
78
-597
-711
677
349
892
816
-343
-641
-235
124
-390
-175
-447
424
-315
468
340
538
-941
-721
-351
-438
705
60
-857
103
-572
864
-131
20
-695
-747
882
106
-189
-310
650
-469
-429
-829
-644
875
-723
-407
774
-632
-721
576
322
-190
-213
-203
481
268
507
-742
317
335
-46
616
-183
237
742
239
550
-990
650
-661
-917
-26
555
-358
4
-904
-266
-229
-203
225
74
-395
-331
-985
252
101
249
98
-606
475
-19
-557
-104
642
19
623
195
-81
358
209
-744
-12
-542
-949
861
-605
692
-407
-262
678
347
-879
982
-292
-401
-435
-343
448
-526
986
686
-787
779
-31
79
783
338
-851
-697
493
-474
138
-659
-471
719
-554
-329
-387
237
-475
902
614
-930
-138
-343
955
-423
594
-739
-814
-916
-22
-418
640
-156
-594
-907
209
-32
601
-62
-164
-828
-72
307
-719
-955
978
-646
-429
-679
807
-955
727
-478
-260
-880
599
-241
-959
680
-992
496
602
74
807
-237
-920
186
-373
-136
884
-736
-487
249
-419
676
-416
775
-741
1000
5
-797
-985
160
476
123
365
-502
-307
341
160
44
-449
-415
-14
-693
-908
-590
235
-129
-574
-311
-848
-344
-643
-691
306
255
-620
-464
699
-790
912
349
-370
-103
898
-625
-366
389
174
342
59
-630
-689
-297
556
-468
107
196
-896
520
437
-555
-436
-206
794
-453
397
-617
585
381
-48
-531
541
21
738
-938
717
-248
-342
-970
-413
-549
502
895
109
-560
298
791
-548
-256
-905
588
-376
-358
-947
-194
-463
-807
-269
186
84
-983
156
971
800
460
545
-267
724
-294
753
615
-834
-93
-929
471
-698
-41
-407
926
442
265
-176
799
804
588
276
-995
-6
276
-863
454
-906
-362
942
-735
-901
-760
890
851
-517
358
899
-563
-119
-104
702
-800
-715
-449
595
-349
-155
-842
630
170
-369
588
338
-205
583
106
765
350
423
-425
319
569
421
375
-195
227
-616
-545
995
-159
-209
806
143
4
-228
853
46
-380
688
899
457
-350
347
-806
662
-577
-127
-86
896
-29
-686
-708
137
-714
-705
832
-225
597
-19
-520
-60
827
-641
-679
-299
-125
-881
-754
-250
-446
-633
317
900
415
837
-346
-814
-522
833
908
-31
-361
-140
-219
93
-397
500
324
-570
74
-339
-670
-204
-629
-607
326
698
-803
156
43
291
-998
-127
742
610
986
367
-671
142
517
-147
-99
-951
-507
-492
-42
-169
509
934
846
586
-409
-770
819
262
38
888
-599
404
-669
734
856
-177
749
444
713
675
376
-383
257
496
-224
597
13
678
-77
-163
341
-159
-780
900
855
-68
385
767
-484
473
528
61
-611
-73
785
-547
-470
-101
613
-947
173
351
737
798
56
227
-370
13
-683
-567
-156
-267
-693
305
-31
436
384
-978
-998
-839
-777
707
297
448
-190
933
-738
-692
-136
-823
128
-611
-665
-887
883
939
308
599
434
-10
-997
783
939
-76
21
20
418
978
-758
840
177
616
490
-214
-331
924
-440
-195
-626
53
428
217
467
-503
-498
-828
-885
278
628
152
138
-444
735
903
-323
-888
216
-590
159
240
487
434
-621
-652
-911
944
-959
875
-258
49
-630
800
-882
-873
741
720
79
191
-623
49
95
-371
-987
-151
-852
639
82
350
-349
416
-173
696
740
-634
-560
-94
-879
-907
821
-946
552
497
638
471
251
-381
36
-207
312
682
274
-917
845
-28
-485
974
-621
-604
84
-407
-504
313
945
-162
-295
-82
-821
-209
659
111
274
801
-287
190
-800
430
-125
454
162
105
613
835
427
911
431
-599
-71
673
-13
152
-691
229
-799
698
-722
-778
-141
450
-15
504
164
-363
-231
-695
368
-311
-955
-316
-693
259
-914
-365
-629
743
692
483
-823
644
-899
651
-806
58
-171
925
293
-366
292
-401
750
-684
-172
-910
21
154
410
790
741
-503
-335
284
-110
-471
950
-769
-503
141
-547
410
63
106
846
-173
931
-311
725
-979
-817
-693
255
-714
-926
486
415
-927
832
227
-750
-50
790
-322
314
-664
-373
-569
-968
-653
-815
683
-68
865
158
-600
-484
-291
906
-958
-910
104
968
179
-351
189
507
2
-81
-161
-740
310
-140
769
-98
-824
290
-265
398
-625
-587
-929
257
785
976
-112
-38
945
-583
210
-162
-862
326
-779
-936
767
-288
485
-478
-110
-916
187
-816
-703
542
677
326
399
632
-148
577
295
267
847
156
-54
932
782
-631
581
-418
-856
394
604
936
-811
-105
435
-74
645
384
-70
938
-336
-984
85
898
-280
-459
413
442
-704
-62
618
59
-114
-841
-759
454
-750
240
-704
-424
205
-184
202
705
898
-93
895
-279
-714
161
-992
514
-109
461
-80
5
974
476
-13
-283
-564
602
-401
-1
334
-562
823
-955
-165
566
-895
-706
956
195
-257
464
-681
634
24
-15
19
696
-410
318
362
-650
680
494
-594
-301
903
209
-811
-331
-3
999
-156
15
73
-36
942
742
-561
402
-119
-543
810
620
-624
-486
761
-473
-662
-960
243
-633
-186
-649
-429
-646
-902
-688
-358
-561
-925
412
-595
-316
-900
-70
-146
594
-260
-798
617
-302
826
-520
-495
-575
821
964
-258
-189
-66
920
-569
771
370
538
-757
-557
-883
155
-767
232
-521
659
233
-130
-218
-331
-552
452
-478
122
-248
966
-830
351
-934
943
594
556
955
-183
-29
368
919
48
470
-135
-209
83
-170
-89
-263
-734
725
134
200
951
-647
-233
437
610
-431
856
612
731
-189
749
-958
-657
875
407
-66
-423
-953
-352
-332
-208
531
680
-704
-208
-912
-958
-461
-607
206
194
45
-424
-407
823
-986
-395
-459
-143
877
628
885
-791
-823
-444
-306
75
-13
950
-257
-91
-428
366
791
110
793
-317
134
-753
-730
-649
-685
-918
73
287
-547
917
228
98
-677
-137
710
-921
719
768
222
-912
-753
518
961
138
-995
469
-845
79
747
-120
301
-645
-179
-227
-890
701
-459
941
230
-440
557
-430
627
-402
774
686
5
-632
310
782
-106
713
-874
717
-627
8
-489
-935
881
-143
-127
887
-459
-589
-440
-557
-475
-335
659
447
-108
-162
-682
562
-987
345
-362
-701
-876
-262
-440
-565
-464
-400
-657
-248
907
363
148
-3
201
-82
53
-75
715
-885
-820
-537
-755
928
147
254
-151
-137
-199
256
-636
-801
-979
257
-486
30
484
-445
11
-788
242
238
-498
-21
590
692
-157
-100
-569
989
-98
352
744
249
-902
-401
955
958
-660
245
-273
-241
211
212
-646
766
47
849
-997
49
937
93
973
143
-786
-162
-438
-283
-122
277
-932
896
-848
305
-901
249
-181
-692
-254
-828
-305
897
741
-400
485
-145
-308
941
-152
-951
-471
206
643
-227
456
-445
-890
18
793
-607
-629
-672
865
143
85
-241
652
706
878
-135
-791
-885
663
1
212
867
-573
299
621
560
-789
6
843
-14
908
995
207
809
766
141
-730
-331
-200
-246
682
-542
-873
-55
-495
775
640
72
947
-110
132
961
342
-493
43
816
-14
192
-936
759
409
710
-56
740
-5
518
310
450
-746
531
-264
-803
646
-977
-810
62
-963
-620
-185
-336
565
641
-61
-987
355
-894
419
-716
880
135
-430
-834
-744
-623
768
94
66
-22
-161
-223
719
-842
47
-973
-837
646
-460
-187
356
907
-665
-375
-290
-412
-655
-305
883
150
354
-48
609
-305
124
-511
150
448
-122
-670
-687
-574
-714
-683
741
898
-372
52
495
330
758
-789
253
-613
610
-262
627
-819
-776
391
-815
-773
-729
130
-341
324
-135
865
-348
694
-537
770
-218
727
-857
-50
-817
-509
-445
-936
-507
306
430
-807
-951
635
161
116
-53
-908
667
-942
-381
524
-780
261
-822
-470
-443
-230
335
657
612
-304
-313
574
-675
-322
11
-816
-533
-940
-974
-269
-507
-973
-292
494
440
-134
359
795
-93
501
-731
-885
-536
-864
-115
-396
578
912
526
84
-243
-480
-493
-801
-110
490
-23
890
-788
62
263
414
927
595
-34
460
936
930
-581
-505
285
853
569
-93
154
-139
176
-535
-761
-855
145
485
-625
471
-333
-464
387
658
676
905
159
879
897
122
295
942
-701
652
258
164
-878
-382
-317
890
-360
-123
-763
-633
-331
102
-355
-790
-594
500
-17
-682
927
854
-907
218
-126
703
-765
491
-32
-425
-584
345
-425
670
884
389
-205
-373
-621
747
-431
718
-681
-591
252
-894
7
364
839
767
774
928
-630
677
418
-128
388
-692
-157
968
468
824
-241
-469
222
494
917
-543
-548
185
504
432
561
-939
881
-774
-563
248
-529
-135
-127
273
-581
157
-588
-932
872
-126
-965
635
35
690
-209
-587
-851
-451
133
639
-364
837
556
-105
624
-571
732
305
542
418
253
764
-448
712
-344
-449
776
910
-790
-786
933
894
25
-312
-984
-459
-588
-961
-343
-118
355
662
102
-877
-504
-424
-648
198
-651
-1000
-868
-588
440
636
-845
193
757
-812
950
275
786
447
-279
-158
-313
-615
-529
89
878
506
254
537
-221
-56
131
140
-10
-19
-806
-785
339
4
192
403
384
711
-395
-453
-946
390
324
-411
255
-192
414
-513
746
218
328
-637
800
-535
478
710
-777
-517
-797
-892
691
898
-815
-780
383
359
-362
755
-388
465
86
-421
-177
158
-183
-446
196
-482
450
537
486
-992
507
6
379
-337
876
-572
-236
-746
559
-607
-311
-387
-607
481
77
-153
-182
-273
663
-818
706
589
768
-191
-833
340
-288
183
-8
865
-811
716
-583
-463
276
-158
-614
841
-435
-814
-300
447
466
151
-933
-70
-724
217
855
-531
-445
79
862
18
767
-247
878
-625
191
587
694
-335
954
-130
454
548
-728
-425
937
-42
-862
-385
-395
-637
587
-148
797
-906
267
523
-97
-422
-456
-959
562
56
-647
577
912
-649
-494
-76
476
126
638
794
-550
-952
272
-574
-830
837
51
-870
-354
391
-922
-954
-954
433
821
763
202
-359
54
-906
-979
-419
-700
-957
-468
-203
495
-970
642
609
733
918
-449
704
544
-264
909
1
-762
-183
338
988
183
453
-938
841
683
-903
-994
606
87
-395
615
-406
979
-679
-598
872
-598
-205
-816
-161
336
-2
-199
-578
-319
529
909
675
981
78
481
-335
991
-251
896
402
-144
-152
89
702
403
622
-397
978
271
-239
954
-827
-288
-220
-524
-99
432
-716
566
-597
-254
-474
272
-853
-633
787
294
903
-48
493
-593
250
-758
-558
404
-193
-138
185
898
-463
-778
-702
-184
630
-462
-895
-199
-461
569
-757
-602
14
-702
893
634
-511
675
165
-421
-578
-423
-124
341
916
-767
133
921
-298
353
720
-88
-108
-81
-988
-314
-712
722
666
-798
516
-883
416
509
272
579
-440
235
-322
56
951
255
-476
-335
-584
570
-298
-155
457
860
-993
434
-466
-224
709
-482
958
984
-95
513
606
-653
323
-671
-485
-160
-373
538
537
226
868
-494
-317
-286
-521
126
563
707
290
907
-772
899
310
-409
316
-718
-478
-588
-721
17
167
895
570
-691
198
-354
-707
-9
-215
774
-133
256
658
-195
-739
-705
386
-190
897
-76
202
-222
-405
-580
891
-76
593
395
-627
-272
-581
-806
-257
591
947
-256
-679
830
-612
992
743
781
64
686
999
-818
318
-957
606
697
440
494
-781
-527
-16
515
-545
747
918
36
852
211
-736
-659
-866
-116
-946
448
777
211
-584
-182
-177
-982
-358
-610
95
-200
-750
556
-823
-680
-385
37
-915
135
230
-136
-306
-966
-194
786
-279
-15
247
246
-181
345
-437
-648
42
-552
-454
-636
-307
-203
7
476
-187
95
-804
-300
-412
-845
-379
396
-841
-653
-331
-7
-125
-180
-276
-3
759
425
-552
-801
339
-361
-545
197
544
855
705
92
29
-647
642
-391
-321
760
-259
-537
559
746
157
-581
814
187
674
244
-824
914
662
774
461
458
-852
369
897
192
367
-849
786
846
959
-268
509
-235
-297
748
-301
507
268
-930
233
-141
11
261
-162
964
-299
652
312
-283
249
-588
490
521
913
345
637
-821
585
-341
-948
-97
250
-941
799
-254
-321
-440
969
-610
-860
781
-252
-644
-740
-925
742
-221
-463
647
870
763
-674
-12
-175
-383
476
-27
211
700
834
-723
266
869
968
-183
-774
855
786
251
-851
-748
-252
-877
623
543
-353
299
425
-511
205
-279
19
-907
-780
-52
47
-704
977
-273
929
-241
-829
-792
-804
578
962
-123
-188
-558
288
825
-811
-127
281
-594
-686
-714
-230
450
-787
566
-473
-286
48
-328
-379
-105
-131
-574
-252
-553
-391
-112
-4
-798
-30
37
755
18
-195
-917
-46
-443
-279
-918
-790
-340
490
-460
-397
222
785
326
-207
777
637
192
-726
-413
720
-890
677
31
-792
882
476
-723
814
-595
566
-17
-699
-166
-920
-736
689
-154
74
463
-492
-590
499
146
155
-596
132
-877
216
147
147
-784
-378
-851
-708
426
128
-536
-143
-415
65
854
-850
-540
-181
902
191
-288
-534
652
757
-741
878
280
-228
-704
-784
137
-1
-16
-606
769
-986
555
-266
-118
833
-312
615
923
664
814
-638
365
57
587
190
622
580
-457
745
416
-869
1
-813
-186
-622
757
754
29
-147
-325
-533
-163
-412
53
-131
666
666
-492
855
-179
-271
-570
588
-972
-743
767
-724
-475
943
871
260
130
-415
-462
-398
887
311
671
-371
-707
-130
172
155
-686
-304
570
859
-945
-79
438
699
531
-195
-298
-615
-201
937
576
651
-144
-464
576
576
668
232
319
296
-171
-857
-426
-830
-120
987
745
-275
109
-209
-287
58
-812
-603
-605
-133
-412
-345
-122
458
618
-38
-827
-684
-808
-676
-679
-232
91
-220
-475
715
-933
-550
-286
-496
-453
-659
-20
626
476
490
-498
-364
-734
794
-931
597
94
-456
641
489
746
-854
-863
-926
-378
-488
931
-90
60
-729
595
-673
-878
141
-440
-703
-818
426
224
-633
-76
451
-568
379
-431
941
784
496
63
167
558
688
-324
213
451
577
773
-35
-189
-129
-371
169
-235
-556
319
-502
-49
467
-321
-545
998
949
-797
-698
-99
661
604
610
-580
820
267
332
667
-669
526
-229
837
-500
-272
-370
773
-401
-736
-315
563
-896
762
-984
587
-60
-885
-924
577
-741
-197
349
-494
-114
-752
-886
766
763
357
-462
920
-607
896
493
-266
418
-751
-524
527
-317
-638
-295
-844
-539
70
92
376
-128
-634
-683
-10
377
-669
870
-733
862
462
-76
681
341
490
-535
484
-694
407
665
-294
827
-490
-97
927
209
-581
-382
576
-53
-136
748
416
604
566
155
-499
-466
-246
-758
-615
334
262
-882
597
-272
-189
-795
-363
-123
-112
244
602
-30
405
508
288
331
-288
856
-767
-502
387
356
-498
-458
-860
-285
300
-49
-282
-848
-205
-335
-206
-219
401
272
514
-665
963
-707
-383
34
346
444
-317
-793
-35
-1000
997
950
-768
-271
-363
-246
-240
-659
249
666
168
818
-294
323
-570
209
557
94
-456
-726
829
-416
-599
-391
112
543
523
861
-70
-162
-850
414
-966
842
-893
-274
388
-398
-541
-202
-735
-101
548
921
927
906
719
790
170
295
-684
-189
-114
-630
362
-922
90
735
-265
604
307
70
173
-280
-534
494
97
503
581
580
875
187
-602
3
144
-832
-566
827
-888
845
350
36
917
185
752
-447
810
-891
77
479
196
-454
-67
-868
968
554
-211
-105
31
383
-911
923
-738
692
405
-793
-951
484
-480
621
545
-389
447
753
847
-390
-796
-788
-432
-753
610
389
-186
110
-399
-784
714
446
-696
-86
451
461
812
-23
47
473
-518
-651
-535
505
-859
-376
-554
872
-679
-937
-346
55
-273
-459
210
658
262
-95
-464
-735
499
703
224
340
203
-503
172
-875
670
823
-893
-591
-280
-707
6
85
-558
602
-320
-638
916
-224
780
-69
-691
280
-387
-888
306
-849
41
-109
693
602
-660
311
529
-343
768
-781
77
575
-95
-875
-462
719
16
-363
-206
879
292
639
734
547
916
71
-664
-663
-953
-425
334
90
-958
-750
-315
836
226
-429
824
-322
487
697
-781
-519
912
425
-207
-554
46
-401
801
872
778
-796
436
-414
-432
-946
685
6
294
475
-614
125
798
-735
-801
131
-454
-38
-643
-13
-927
639
-596
-226
599
165
-832
-134
476
576
782
-968
-744
-685
776
-443
-973
-290
45
-898
-279
652
985
-845
-25
-585
-170
-837
716
-698
-751
852
309
935
-937
-213
397
-507
-642
-878
100
827
-662
126
-474
-610
163
-80
105
582
505
888
954
522
436
-973
223
131
-741
-29
216
448
801
-815
-433
793
519
-271
535
-226
-34
-354
-499
-656
-59
317
876
928
-978
-898
-532
75
901
618
548
-442
810
484
-377
428
390
-69
852
828
936
-875
983
-129
-930
-635
541
349
-729
957
-892
462
-439
718
-39
-879
757
542
798
-495
-748
-347
-869
-346
-43
-346
664
-193
230
741
-688
-201
748
-617
-754
-918
-408
-772
-765
377
736
-976
-814
281
-584
70
894
-482
-53
-611
306
-481
848
239
818
796
-665
-317
-16
-176
149
920
-585
577
922
268
114
909
756
-867
431
-611
363
721
946
123
-990
973
-65
-968
-567
-292
-870
372
-872
854
-986
-994
-658
59
-380
-968
610
179
648
-751
443
-970
371
-915
7
321
493
-600
621
-675
294
140
-875
327
717
765
453
-640
-53
555
-773
39
604
722
-818
-998
76
-316
261
-474
-346
973
-894
593
970
-96
418
-838
-306
-625
-101
42
543
808
975
503
239
-675
550
-59
-30
865
317
11
-614
423
820
-426
-183
-535
259
450
-736
-22
263
152
613
9
-690
-943
140
6
-458
-910
-37
902
137
-629
681
375
753
726
-957
-321
-153
-691
-205
16
-787
642
-619
173
161
-587
-34
940
-445
614
-353
-725
-518
-223
110
-497
950
612
436
-480
151
161
398
627
-629
816
508
-384
488
-596
-160
-453
-114
-776
810
301
-643
124
-472
-255
-975
88
336
188
-933
-51
76
-510
-133
-462
85
552
-213
-769
878
197
-366
69
-682
977
-890
29
-606
550
802
-338
270
998
724
-764
80
-778
-560
-809
5
525
901
799
405
-482
-530
-228
-838
249
-699
-522
745
-510
665
198
-121
-128
-856
341
995
-502
22
-594
539
891
813
-808
20
-44
-228
220
-469
310
54
49
42
910
175
297
-640
458
-640
-272
-734
-74
513
762
-996
356
725
830
-110
179
-782
-38
288
630
-327
85
388
311
223
-713
641
-946
302
123
-140
-599
-192
-812
-767
736
-315
728
944
-277
-866
-560
629
962
-406
-583
-440
14
-315
671
411
834
-221
460
90
367
547
404
-938
-846
-72
447
-950
337
163
891
628
561
778
352
-253
-513
823
83
-561
734
-539
-753
385
-882
-962
-743
736
-832
-750
-937
-210
-227
374
426
206
-989
512
-229
233
-552
-702
-965
692
993
-167
-897
-620
-941
-223
766
-684
824
126
99
920
-298
813
34
-930
-749
-929
-544
-275
828
-299
148
332
-893
686
400
928
-42
116
750
196
307
603
-317
-24
928
-166
-36
351
-866
990
323
573
-615
-15
-440
200
978
-204
384
536
67
890
456
999
-130
924
470
394
-21
-430
-25
521
-991
30
-808
549
768
-945
313
-816
-999
729
-773
493
454
-121
639
153
-532
-631
838
-294
-118
292
-956
-32
59
-255
647
-563
425
-545
-437
-955
318
145
-684
27
-17
393
-127
-501
-462
359
931
-441
-742
-687
-852
-365
998
602
709
54
-560
-703
694
-229
-100
-600
540
-49
-822
-357
900
644
-303
891
-55
911
2
-766
-212
504
551
384
546
-169
-328
164
-646
486
928
64
-543
-637
-194
767
610
5
-824
524
996
594
543
-3
-541
426
321
54
-974
-752
-716
-801
-541
776
786
-215
-445
420
111
949
-157
95
-644
-676
899
965
-646
-580
-406
-276
-178
-88
-75
514
514
-244
-725
-800
786
-562
808
570
-933
-952
230
-132
-445
-107
-328
-833
392
-375
-343
-24
-51
-725
760
890
-703
888
-706
-731
961
219
-67
-599
-395
-117
281
900
583
535
-556
481
-549
875
-421
295
89
653
499
603
-1000
-71
968
334
-581
-416
-719
794
-504
760
-360
-793
-692
820
855
519
495
-919
861
673
798
-853
-304
-330
82
200
-667
901
36
-205
-587
-163
698
524
710
570
-104
-216
584
859
510
-966
-279
408
-297
-428
-538
-772
-147
783
-528
900
764
866
634
374
560
725
726
942
207
-216
229
-438
-269
370
860
325
-202
611
-93
-169
-128
-859
-658
-135
-345
48
245
-55
-62
-596
877
-884
-332
-785
-131
467
-544
-684
-109
-474
-217
443
880
-775
859
-532
-34
-808
-139
-447
-384
680
628
-563
977
-198
-786
275
-973
268
546
-894
611
-935
813
-331
-287
917
34
-481
-768
-538
472
554
943
-380
-967
-18
94
-288
292
602
583
-453
-508
263
-907
892
-546
-593
-324
710
-809
605
-589
-223
557
-37
-919
796
-314
-889
705
34
612
945
-833
-521
384
641
406
-842
980
202
481
627
-810
18
136
784
863
-125
-692
-840
-856
-581
-310
632
964
380
124
654
851
637
-98
455
-241
-819
740
931
282
580
-111
954
986
-815
942
-753
-258
-778
531
-711
543
-6
-18
297
-115
-357
718
911
-211
885
10
-447
-137
248
-607
-693
214
377
-330
-55
672
800
-530
982
-818
243
791
-255
-746
97
214
653
-113
-860
-350
-398
-876
-25
718
-79
757
-928
43
-578
250
219
-67
277
752
-981
376
857
-750
-305
591
19
-839
-162
-881
-471
-68
124
17
191
-66
-671
330
-820
-511
-417
-616
254
877
-147
-484
-380
891
824
445
-815
763
-747
145
47
-452
-109
-773
-927
-923
229
-548
441
-851
-574
125
-347
-875
188
-153
448
-965
-121
876
-693
-16
-184
-719
-916
-794
267
386
-593
-395
-583
879
62
869
682
759
335
-850
-627
815
-651
308
-691
843
-833
-647
-976
-227
-178
-183
-401
-296
797
-793
-714
-250
-192
324
-718
675
73
-442
-814
-41
-678
-129
764
-464
-316
844
675
287
-588
-131
-714
192
-643
775
-945
930
-221
953
-244
-944
-952
772
916
-975
480
-187
934
-200
272
326
729
292
20
-451
510
-760
-842
-221
-636
87
-934
466
667
-354
-761
833
-457
530
-250
751
-249
-103
680
-623
-67
-92
-1000
-289
588
599
-871
-53
561
241
-64
524
797
292
-888
-946
-421
567
766
894
-246
885
497
281
721
-54
-269
926
383
-329
658
543
344
-618
429
-702
549
-162
-177
135
553
417
431
-809
-530
798
-725
476
-111
673
82
583
-819
16
703
-597
-737
-155
726
-322
-895
56
526
-817
-125
-777
647
-905
-828
323
233
-855
67
49
-737
702
869
-929
939
-165
38
895
688
114
-156
-469
-155
859
926
799
475
-945
948
-13
917
780
967
-81
-296
-241
-622
-362
-223
521
-56
-321
202
-774
-7
-984
344
766
-164
524
-109
-52
235
429
-639
-826
872
813
393
339
38
389
-692
185
-595
-600
354
872
322
-397
688
-683
530
-425
369
417
614
-380
-105
-392
483
512
-690
-479
533
13
669
-407
-861
867
632
-98
799
-808
-541
-105
142
959
-482
731
609
349
876
-962
738
37
-503
-397
435
516
909
50
236
-382
-189
-565
-913
499
252
-788
-204
146
834
-961
-5
634
140
94
-300
131
480
948
365
-518
607
750
-759
930
-576
-911
-929
169
288
-308
286
747
993
900
-332
816
267
-684
-81
771
-465
-234
-741
898
-660
51
-236
-808
142
-383
761
41
-83
-957
3
666
232
34
321
-110
-551
-885
-893
599
431
-820
-627
648
-829
-827
25
219
-461
-605
-782
893
541
-71
-235
-794
-238
-667
-790
545
-243
332
951
868
-495
92
574
-80
703
-992
-503
652
672
719
-343
-497
645
-124
-559
749
67
-941
243
565
590
322
282
-196
-564
136
403
-45
698
-187
-965
450
-563
-420
-113
-908
413
-843
-610
555
902
-392
-112
212
-154
-804
-356
-757
-456
-230
-504
724
-716
231
-397
-525
365
361
-54
-645
-332
-917
-631
769
-532
951
744
-539
448
-118
-480
-305
455
-508
315
-798
-224
823
-309
587
654
377
448
-989
-938
587
348
404
15
711
198
-2
822
291
-125
-695
190
790
-908
-902
-707
592
-141
79
-272
399
858
-939
-906
-579
792
594
829
-227
-604
716
695
-439
-94
310
-969
-37
-921
-663
345
-494
-296
-748
-102
-485
-408
744
829
246
239
538
5
-83
92
837
-930
-169
956
5
851
-297
-831
-655
595
922
353
619
-102
783
-952
-584
799
239
-643
-768
266
884
-861
-849
-287
125
419
718
870
862
-790
-148
-166
75
-698
67
795
747
74
158
-814
-630
-927
-705
-668
-253
-749
-734
-833
-33
-557
-964
460
763
-691
706
277
-997
305
-955
200
222
794
77
790
-60
437
-275
-77
477
634
-945
688
353
60
685
141
-887
-517
-483
676
480
968
969
-108
-291
-599
-475
935
-189
820
-512
895
541
517
686
126
-164
-153
-287
935
-516
434
254
-170
145
-809
-438
657
589
-378
54
-333
-248
994
563
136
-844
-316
701
404
544
-775
-619
234
-717
-438
265
-441
885
-898
-553
383
-701
723
-215
-24
999
376
-655
449
-992
-731
-741
-137
329
-36
870
-736
104
-465
-341
-295
-470
422
846
-34
359
949
-13
361
32
26
-668
636
800
725
-543
544
-196
-988
514
-699
-834
-902
822
-534
554
-668
258
690
160
-719
126
-723
-803
492
-628
-851
404
302
96
711
302
216
154
-844
-46
-914
-587
533
-42
105
548
143
-334
-869
379
-591
-793
18
-522
416
-529
-59
534
510
609
400
-77
-122
-932
-51
-310
-139
-54
175
-129
477
-543
823
-543
-894
-723
279
-182
840
-751
11
-249
-657
-167
874
-225
161
-487
523
-109
612
357
-26
-906
-3
658
-712
83
-131
-1000
-621
-781
-609
-543
392
406
-510
748
-482
-295
457
-793
-694
-398
949
46
-257
-885
-272
512
-107
304
-39
167
-520
-899
-617
-442
-630
893
324
829
-748
958
-129
-243
135
-855
-510
-738
796
-525
-112
-730
759
-261
880
82
-574
15
447
618
987
866
-785
-627
952
-719
-811
908
523
-460
-117
-203
35
134
-970
-426
699
783
-759
678
452
-383
-712
49
922
158
246
360
-449
855
-373
-265
656
192
-272
-121
316
261
947
86
-896
958
897
836
-526
387
803
-861
-684
499
-570
530
-355
-379
417
520
194
685
-739
-544
682
-568
184
332
67
-451
-926
102
350
553
888
362
-811
366
-375
975
-457
141
762
-932
45
428
741
-524
-518
91
695
534
-325
-152
-590
-738
-180
519
345
802
-252
-172
135
689
-854
863
-355
342
-8
152
945
-401
-894
-815
-991
-582
593
-111
-335
887
352
-299
-934
-979
-462
-129
-672
923
-920
-323
469
437
-358
285
464
285
809
-941
-377
-246
549
495
363
-932
-716
238
-535
-907
332
555
-489
-784
93
330
-665
144
587
30
-106
-370
773
-846
546
-841
349
-486
-158
-21
-1000
-64
880
496
943
-585
-127
619
9
169
-448
855
451
488
-923
-184
-829
673
610
-899
-989
453
840
252
408
846
-552
104
148
909
302
-661
684
254
-86
8
330
465
-410
-408
-744
849
-663
269
-854
948
-635
163
921
127
717
615
-655
820
427
-252
929
845
-434
-881
734
-398
-648
994
-368
453
-8
-253
184
463
643
123
446
411
-53
219
-507
208
-446
908
-708
930
-677
642
192
-123
532
257
926
105
380
849
-92
-448
995
180
-518
-296
595
-769
-191
-267
27
601
-975
-903
-121
-106
-494
462
-410
-753
470
715
729
585
370
625
695
-763
-950
65
-316
-978
-196
-407
347
646
-817
-888
-569
810
-999
608
-643
-87
327
609
762
-329
-19
-694
358
-130
75
541
585
-750
437
-230
-120
-467
-733
400
-751
-162
-75
179
801
-189
-801
-763
521
-57
-316
333
589
-208
764
-989
215
33
940
760
797
922
-993
-631
846
419
-949
-813
-403
-865
-291
-237
930
-259
956
265
-155
-617
606
-100
515
-183
-867
265
-833
-746
164
-771
639
-893
-477
536
-815
-720
-979
960
671
883
-609
-320
-364
360
-966
-280
835
-132
76
461
315
588
262
315
156
-279
454
-913
495
-47
529
939
658
213
-545
-887
-687
513
685
785
408
180
547
-858
63
215
573
547
804
281
460
-394
153
687
875
-130
248
578
-315
726
-927
-366
391
817
189
880
392
-898
-865
-577
333
-699
-349
-760
29
-746
-232
-697
-365
573
578
-531
-271
-664
144
-933
970
514
719
-940
846
271
-171
-448
996
267
723
660
-762
-699
52
789
-977
189
127
-109
-488
869
-98
-121
195
707
95
-23
-911
813
-833
-411
-692
800
-363
464
423
451
-630
984
924
892
46
413
244
41
-207
-996
341
462
726
-16
124
597
-654
-159
950
640
405
11
-145
-477
315
-635
-770
918
-981
-108
996
-319
-685
-622
-902
-680
342
762
959
-507
-887
367
984
-911
97
-120
262
829
-311
442
-226
-793
552
-528
951
-203
752
-57
961
-767
780
801
-462
235
-248
-50
-182
412
740
-409
-611
-4
-742
-35
626
49
-712
-190
-429
-675
-914
-141
728
942
-56
-675
141
419
-666
913
864
67
-808
748
-269
-140
-759
-424
-416
328
-300
199
-333
470
-254
-462
-941
789
-856
-199
-332
-771
944
14
-918
614
-151
-728
391
908
-400
721
87
-606
-634
-78
305
-499
699
95
851
-487
930
154
-279
87
312
-26
-332
377
-297
-643
785
-937
-194
-214
-374
198
154
-924
-208
-680
-604
-285
-336
863
-279
144
-161
-515
-697
663
-4
-205
844
-376
529
836
-509
951
-905
-993
194
-196
611
123
355
523
-89
163
-995
16
-279
-352
299
813
412
-598
-127
-937
779
-526
980
-246
-709
-753
666
412
-195
-596
-606
784
303
74
-580
-921
89
-755
808
486
-464
-350
764
877
-987
-705
530
-909
-627
-494
2
626
-205
982
936
136
-38
-646
-433
66
-410
-803
408
-150
870
872
640
-655
-336
501
68
-198
-50
-160
-714
-257
-150
-190
795
589
-307
99
-251
-403
890
925
-859
279
528
-44
-733
475
12
-384
932
30
-354
-777
-201
-597
-675
-529
733
56
-200
244
789
861
909
820
-801
-515
793
369
-882
683
778
-114
668
-58
-118
632
-157
244
528
-226
204
76
-987
8
-394
-384
-972
556
-393
419
-191
-853
128
804
464
-675
-128
98
447
-405
939
-522
1
1
896
-265
827
-734
553
-380
375
368
103
854
-952
104
-617
-980
667
-404
439
563
-371
130
752
-316
438
167
-430
849
-887
283
49
553
-820
-863
324
-169
-310
-783
212
-40
-286
-192
200
-377
-797
-734
145
-689
-903
-613
746
23
-94
349
323
921
548
-201
530
354
124
297
361
718
-308
-310
-816
358
-265
-934
599
845
-113
350
-460
-897
520
114
-646
-603
109
817
-882
804
968
549
-319
-647
380
-162
-830
839
-123
-999
229
295
-8
491
-767
350
-885
592
-386
-734
261
-773
386
965
-329
59
-928
505
994
-3
-703
169
-613
-548
-55
-317
831
-617
-788
771
61
-764
-26
648
364
-478
-496
-921
527
-626
935
-48
-572
-749
145
-408
385
-508
-999
-748
677
-375
370
-663
-410
495
-39
805
513
-655
-650
30
971
505
-433
236
-469
783
474
620
-393
-924
-436
-486
-460
-532
536
595
536
535
974
794
556
403
262
-174
19
812
-70
-242
-194
-314
-683
-736
524
37
609
-595
432
921
-104
381
-385
-780
790
-55
924
328
125
200
918
-5
-703
-305
-773
683
831
-34
-130
54
136
849
-77
809
-143
-817
-933
-955
362
644
-191
-490
990
432
-553
13
620
-63
-267
-846
-973
-582
-445
-383
-456
6
-13
-700
-914
171
884
675
281
-733
585
-779
686
-488
-942
-903
741
-6
383
249
451
436
-489
-819
-520
-648
-281
-707
61
239
859
-249
-117
332
815
265
668
-335
-906
826
-927
-886
666
-32
452
249
212
-493
872
-100
805
-8
272
-799
158
204
-406
-325
-92
376
-546
-793
-664
-813
-222
772
850
-294
441
949
236
-629
-888
-165
-391
-357
-459
937
-699
830
-960
240
-279
-44
-349
261
-663
668
541
565
-341
-7
-655
-128
-493
381
397
-63
-250
73
-981
957
-587
886
-215
258
-598
381
939
-950
-433
24
-690
-52
-285
779
-794
-872
724
-844
-652
174
-987
-523
589
-242
427
413
569
-382
-105
-112
-209
-761
345
504
287
-635
815
745
967
-687
-599
187
722
991
845
-409
705
-310
911
472
827
774
199
809
-620
-898
-326
775
403
-259
-71
-586
254
718
718
253
978
-960
-535
305
361
413
98
704
724
-670
974
-848
818
559
431
157
-852
-78
103
983
841
321
605
769
462
-783
-508
84
-137
-999
772
-783
628
-748
380
863
659
-784
547
743
-2
-603
608
665
972
-104
-704
811
-780
386
-352
-808
737
-527
970
-1
417
432
-439
-327
322
-330
422
-742
-926
558
-361
-479
976
-190
-620
-910
670
842
-945
-119
867
319
-167
812
64
660
-33
654
361
-919
640
-466
26
-936
187
-239
-691
-137
665
14
-323
-833
228
-452
-153
265
-584
637
-826
869
-908
-245
-506
-361
-614
127
-900
966
662
637
-910
-477
-324
-353
710
-439
-647
307
-291
-316
494
662
249
358
-589
17
-225
-158
-533
-81
831
697
334
554
745
772
-945
-847
849
-725
983
-251
-256
596
393
40
-163
236
965
776
-484
285
786
917
140
-96
-750
-472
798
-61
-581
434
87
-209
396
910
905
642
869
143
941
-857
454
335
-868
-950
957
-77
-375
-550
396
77
726
58
661
910
761
540
864
-849
-369
101
682
528
635
396
-506
520
-987
805
-773
-576
102
-171
-453
-864
-828
689
733
-794
-572
386
557
285
-360
-611
-750
-139
-839
852
712
-624
528
681
-636
735
-914
-322
739
80
-429
140
-478
-898
198
380
-701
-110
-519
-369
-140
442
518
-305
-251
-782
56
914
-821
-944
64
-13
469
-756
203
410
-158
-192
-862
795
912
535
-1
549
-388
-538
438
302
-446
-969
775
935
169
-402
237
-839
-874
583
266
-117
-721
926
677
-447
-155
-52
499
650
425
-174
438
935
616
240
-270
-826
-891
-161
206
-753
901
-876
-552
18
968
-274
-151
447
-439
791
-189
-49
-949
-456
541
-339
799
740
-393
-247
-665
834
-65
-872
214
406
537
-459
169
325
669
858
454
-800
-398
277
207
938
474
447
981
-520
-386
-89
474
-140
875
44
-104
-977
-884
-471
-473
913
391
-56
249
332
102
147
-169
-637
373
803
442
-477
-670
-838
850
-476
-993
690
57
-689
992
-897
227
648
-222
-858
225
295
571
389
-986
374
339
163
-837
272
-515
-602
-519
-266
798
-155
-971
-913
133
169
-102
-574
-650
399
143
167
-584
681
-947
632
-687
-493
-627
873
467
-150
101
-788
-282
-201
442
455
559
712
801
725
-29
-665
-21
-597
671
703
-42
313
-949
-491
-849
769
249
442
88
413
928
687
-817
-53
-909
-716
-627
-778
213
169
-898
121
-159
-526
798
-828
-588
11
832
330
524
-104
293
709
-773
306
389
403
-633
388
-889
-653
-239
808
-41
390
-113
261
-69
-368
5
289
165
340
-74
-865
-58
207
827
-441
-467
335
881
-518
535
639
-577
758
-677
786
300
674
89
556
-226
323
-750
314
339
-40
-539
577
-567
-647
-206
268
196
20
947
-255
657
87
-728
13
974
-567
-861
437
682
725
-766
772
258
96
227
-282
-48
-476
273
437
935
-479
-940
114
73
-273
-785
304
-983
-256
794
-476
-223
832
106
-681
334
-851
803
948
165
427
-262
-444
-931
-124
46
825
316
548
506
194
81
-378
407
-995
164
-451
131
669
10
-347
-734
-346
840
-834
-166
553
-556
333
-348
-192
-765
-908
178
191
461
-257
-137
-442
811
965
-462
318
-883
818
308
10
434
137
21
577
-957
-964
278
817
728
-128
474
181
-649
691
189
24
-147
818
-122
388
-73
-268
-894
-959
140
318
860
842
529
653
-977
539
688
240
-765
-752
21
-356
421
491
177
-145
651
36
-93
591
-264
911
412
-456
-829
-726
-966
521
861
-732
844
393
165
-116
-273
300
-505
822
-207
754
-455
-958
26
213
-113
-250
-831
891
-691
125
539
279
-228
-924
-915
-383
749
307
-109
724
-386
784
19
-458
-916
6
-194
-994
-320
771
-970
-779
-965
-768
-344
-631
-835
-963
-564
-43
-394
-395
-29
-803
120
-930
665
-84
-179
-215
841
-376
247
207
277
-719
-544
-229
-535
251
758
813
-662
465
-267
-178
244
-740
529
-767
-970
909
671
-136
327
158
-394
-748
309
618
825
988
-177
-338
-663
-369
120
-152
-873
-26
-934
-818
700
534
577
901
-283
587
-881
177
897
996
-613
332
-711
-983
-114
-629
305
209
258
-573
130
200
-894
315
726
573
-175
692
501
927
456
-43
132
435
-74
658
-385
-589
-65
948
352
-435
986
126
554
532
-161
-221
770
880
80
661
13
222
48
-293
-992
-567
-355
-422
-157
-390
-239
-15
-476
168
-585
-904
519
138
-122
38
975
114
-291
354
-724
-677
65
808
-581
-792
435
397
940
210
-777
-780
782
-461
-410
96
63
755
315
-740
-341
-939
-204
890
-808
-6
162
344
441
352
-84
-652
171
151
-676
323
715
670
-177
767
-877
-531
-226
353
968
38
-37
-30
-299
-455
947
268
883
119
271
892
112
-74
-725
97
-945
434
784
890
-371
582
-149