-422
556
8
286
-517
681
378
236
-356
-147
830
-985
704
-389
496
-903
-378
-536
-771
-262
-903
-968
894
132
-7
-880
179
556
-587
386
-437
-413
-607
-766
-774
947
-688
-7
-345
134
499
766
811
-789
12
-283
366
-869
-987
74
-496
994
999
932
-183
239
185
29
582
-220
-664
684
714
479
-802
-426
897
860
497
809
-134
288
690
-60
411
546
-996
-423
49
-100
291
735
987
-397
292
587
-540
85
469
815
-655
-852
-572
-184
877
-248
964
700
493
-257
-543
-14
-618
-226
999
-393
759
723
-626
-77
-333
116
-688
337
-443
471
350
-959
176
917
-643
714
-563
-697
-783
39
122
-167
-842
-243
-162
-21
-340
-681
584
285
446
496
-825
387
-243
644
-511
644
-233
-982
162
693
-62
945
954
-311
676
-991
128
283
2
200
-92
-750
905
356
951
-748
-705
-641
64
316
-272
902
-308
540
-69
-324
-691
-771
-819
982
900
-950
907
966
167
-915
-295
-848
678
1000
833
-347
265
-699
-61
-521
684
-735
-229
-960
913
376
147
672
603
659
220
-2
928
-332
-543
949
-673
-157
-166
675
-370
-988
-889
834
-527
349
84
11
-810
-575
-297
328
507
736
-279
-468
-608
702
-360
521
-406
-573
-981
407
-709
-188
-514
508
-25
320
-667
406
510
-819
124
-152
320
810
264
142
-714
-47
761
-331
-719
-925
-473
204
-660
608
631
620
-355
916
59
-227
423
-727
-30
-247
-89
-383
-559
171
-698
808
-609
885
-342
-44
336
-881
-692
-471
0
757
-965
-705
-622
-578
798
472
435
-12
444
93
774
540
-219
585
14
726
-247
-404
798
-98
657
-882
859
-568
616
-573
-730
659
462
-654
62
-82
624
167
2
823
-232
151
-997
-116
-398
475
65
-157
-466
-284
493
-926
269
279
-941
998
107
-610
-220
464
-998
-441
28
746
-237
461
-173
-232
-354
243
805
-575
715
951
66
245
940
-61
-273
563
169
-482
626
348
-978
-129
-309
-987
-420
151
-327
-344
961
935
389
784
-615
-275
-837
174
-285
-618
548
944
558
-937
179
793
-627
-74
-294
-762
-799
-334
-540
46
-305
578
311
865
-727
-760
116
-646
-358
566
87
-849
-422
445
-405
554
286
-444
-164
512
536
-781
693
647
344
683
538
235
-518
712
-620
978
179
104
333
319
433
-336
85
-846
268
312
317
-609
160
521
343
-535
900
-737
811
-874
796
-633
-862
884
-63
-45
443
-476
783
-274
609
655
-950
-417
-862
362
15
-904
-85
-628
182
-728
610
673
-740
-727
-531
868
-554
165
835
-110
-397
-49
312
966
-447
615
-601
-239
-569
-360
877
895
992
-950
726
9
623
-206
822
809
175
-409
-138
51
-687
728
954
802
773
-708
179
820
-498
935
-315
-405
-62
-335
-382
29
699
757
-139
-162
-247
-766
81
835
795
406
991
-929
-812
387
636
-411
201
563
230
-620
916
658
244
-131
-659
-675
-530
719
-88
490
-212
930
-362
-720
-535
722
671
-419
-222
-993
-919
-370
-377
933
77
148
-229
-653
192
82
602
690
-280
-4
-949
-131
-827
-263
739
-121
103
463
451
419
-938
224
428
837
-266
588
-615
573
-80
-211
854
259
805
-418
453
-763
-306
197
485
-907
727
-188
-285
261
239
-537
338
25
581
539
152
-243
86
467
16
-939
-292
-956
-77
657
428
-179
-108
-397
-456
266
-139
-582
307
568
84
-626
249
441
802
412
113
-629
-143
-439
227
620
-828
-49
-193
-141
-471
814
771
902
-62
265
957
863
-108
-758
-948
-903
418
58
976
624
-493
-704
997
-491
-295
-610
-656
761
-670
-877
698
-595
-991
-143
-134
-247
907
-167
-196
-741
777
-442
504
-746
-152
-87
-633
-825
-681
-939
840
885
-448
-684
76
574
-777
223
-872
921
-918
-790
800
993
451
148
103
-2
-754
674
723
-881
-764
907
-302
-20
-169
-675
-963
294
29
-391
25
509
-50
-986
-316
91
203
-212
418
-993
-871
265
-717
-75
63
784
-319
-446
557
-457
524
-814
-706
-933
41
-586
-608
-517
248
115
-491
-622
-98
-600
427
280
785
860
990
-700
-363
592
-572
-896
822
-408
4
-251
995
-145
307
-345
-345
-420
137
-479
-744
972
295
472
888
15
56
-542
779
-286
-1
300
628
-556
203
308
-306
-914
151
653
-258
-436
212
-17
-415
399
-489
727
391
203
563
839
-15
125
268
-209
634
-67
153
310
110
758
173
537
-367
716
668
-700
511
-150
725
517
0
387
943
33
393
-699
148
168
-714
-773
-136
212
-408
-451
542
-977
-979
943
925
-855
609
-14
-876
881
-428
32
-758
-32
-479
484
-943
684
631
930
-742
39
-78
693
-843
954
676
-706
-912
32
773
-644
377
-970
437
-893
-636
-323
-56
-760
-56
-131
-744
-927
-308
651
-901
695
-33
965
586
559
609
397
-828
361
-183
553
-610
287
-795
935
-662
938
1000
375
933
-803
-231
-686
15
340
663
-527
735
465
-249
-407
-807
760
-356
-567
-83
960
-74
720
-18
-261
112
-335
168
675
476
746
737
-666
-319
-601
633
-308
-691
-68
672
-172
-132
-331
-970
-334
-877
-340
752
226
505
783
-758
904
-755
689
-409
482
435
-463
-371
638
775
-381
-85
-586
-9
-145
994
774
-243
77
-691
-202
600
670
-610
-403
-925
-957
-732
-775
905
-162
-100
384
675
-38
-428
131
78
-919
-657
-346
366
181
792
579
67
829
859
-690
-937
136
959
856
377
135
353
567
-450
160
53
-847
101
975
-247
575
-379
-241
-415
880
-182
-318
945
801
-178
-933
512
-260
-520
-263
695
-235
395
-936
-473
653
-262
-239
872
-193
-450
726
131
-245
-890
741
63
-284
-483
-473
772
-630
360
846
-183
-440
-140
934
-453
-91
-600
-796
299
950
955
758
-748
-191
-137
331
-331
-896
227
869
-547
-685
986
735
-236
-450
353
781
913
901
510
974
-524
-720
603
652
71
-297
-836
25
858
-221
-873
-83
414
-806
679
-991
-974
-360
-839
-284
800
-972
421
-822
441
-277
-672
-271
-229
-180
-326
-386
479
870
-776
-37
236
-901
592
874
-705
963
333
-7
385
-977
-856
-949
-599
355
-32
-930
163
329
896
-748
-555
-733
60
-600
-511
594
813
518
-149
727
-105
-879
185
800
96
-940
387
320
774
411
574
-228
-608
675
-853
154
798
-116
-840
685
934
-345
986
-243
271
74
132
582
922
505
-692
340
-199
-564
51
-249
404
-522
-591
-296
637
-752
-641
-213
-117
141
-853
-3
163
-140
571
-449
-404
322
446
325
-652
129
714
965
365
-463
-273
-707
-674
986
942
911
-280
-539
-653
739
204
986
58
-794
-965
-279
954
-779
63
721
-810
-352
395
-833
-856
-512
790
-941
-944
559
-7
-439
692
-881
-886
-248
-183
-223
792
311
-881
612
992
456
-458
-569
-243
-171
148
40
572
-355
199
794
-248
-221
735
373
-45
600
165
-51
-570
215
-571
710
573
-382
-613
634
-590
214
-807
-846
918
-327
541
133
-765
-751
-274
32
956
-533
-44
832
-719
-852
353
-714
806
-723
-353
-847
607
-939
-728
481
-96
-189
-433
-976
-346
406
526
95
-339
952
-433
-899
951
330
671
128
-713
-275
-363
376
-801
974
313
-509
-932
-94
501
119
-585
235
203
-771
-222
-142
-312
-247
448
-480
-543
-42
-888
-203
156
-911
-755
-692
6
698
-346
-461
-68
-105
227
-631
585
-68
274
-146
-369
911
412
-796
-24
-420
79
-556
-254
-679
-848
-584
466
708
-785
-449
306
114
813
-342
196
-943
-667
-830
-569
974
-465
-554
321
-571
93
196
80
802
687
-47
-593
989
-65
220
172
434
-280
445
-950
588
452
-382
-654
-132
291
-242
28
22
-632
972
-603
-253
-972
984
-171
-769
295
-397
-345
428
-215
-481
305
67
642
-472
-381
504
863
430
465
-841
-377
-367
-26
290
-679
84
-503
636
302
-520
-78
80
-732
234
-673
40
347
218
-485
68
-894
-891
973
822
-537
95
313
-149
-382
-445
-447
-323
-982
474
-540
200
851
-251
-207
-949
310
-305
286
-241
142
605
215
865
929
778
-876
-379
271
685
-541
796
702
-243
149
672
-479
398
-366
960
-973
-343
175
449
-490
972
-951
-344
-527
-443
-554
-907
125
-56
-635
789
-380
-661
333
-94
-529
825
-106
-829
-715
-189
104
-793
385
-776
-976
751
790
37
-404
-333
-723
-89
-149
-202
-823
-451
219
-51
985
-460
309
285
97
-41
-236
838
-223
-868
-541
-173
649
-950
853
597
-140
-727
-873
469
-16
-473
-424
552
-184
-15
-292
-166
2
824
-240
126
192
878
-973
-774
-544
-526
-137
-42
345
-614
-540
774
674
-288
560
936
243
-577
-348
-183
616
-769
-584
184
669
131
-786
-242
-549
835
-227
929
-88
-527
942
-989
861
29
438
-629
-724
-578
382
-916
-151
-740
454
112
718
-660
-304
-435
692
-388
953
776
-713
718
680
-134
278
-95
918
-93
-481
951
257
504
-877
-715
-574
625
248
-591
-788
11
-767
897
-339
226
137
26
341
198
-954
-374
-735
541
-854
-468
166
-187
26
-465
-312
284
84
972
-700
697
-614
-743
68
-120
343
69
965
-621
271
898
695
-406
413
75
506
-819
767
-196
-141
-986
-808
724
659
265
957
872
598
912
904
522
-654
-364
605
-455
662
516
578
-753
-425
-641
-741
774
-854
-16
-367
341
-752
558
-609
-106
580
286
781
-684
-175
301
844
-539
-608
-660
-359
-718
-358
-222
-48
-307
-78
409
-360
137
281
-202
-441
115
41
-425
-880
918
-461
203
-215
-235
603
924
-348
-882
837
-809
497
-568
175
-477
-949
232
457
882
729
-53
908
-521
328
-441
-9
940
-482
882
254
724
535
115
860
-510
-524
-72
-858
96
-38
-893
-253
-643
-111
-710
105
622
987
-58
-696
504
-27
471
-579
-575
924
851
-94
-728
793
226
748
854
963
214
-26
-389
-384
25
68
378
547
84
-42
95
-491
-890
-861
-368
723
767
-99
569
-68
-722
574
358
449
-291
294
62
-527
-666
-605
360
-253
-316
713
144
-485
-183
-593
674
-977
794
-642
-274
-204
731
186
-708
625
24
858
-369
202
-949
-565
711
327
-368
-266
-693
206
-951
-35
528
-49
159
-886
-924
406
87
819
229
396
766
898
566
-700
689
442
861
-960
-386
-798
-583
355
-316
541
166
679
-768
886
-374
-861
245
879
-240
-242
585
-155
-372
-860
166
979
755
791
218
26
-583
429
-75
977
105
-636
657
-195
278
-204
152
425
918
-729
-862
346
-153
-104
383
646
-423
-771
-745
-669
-634
101
102
615
-360
756
-251
214
306
-498
-670
709
-535
270
40
-393
-612
438
28
-249
706
-144
218
958
-621
-771
-42
392
715
948
125
818
286
-10
381
824
798
-967
-37
883
-235
-245
-799
-130
-160
340
-468
346
-301
0
-3
355
54
-684
60
-915
877
237
-691
804
-624
58
360
600
-548
-558
927
-405
-188